x coord,y coord
0.5,42
0.5,43
0.5,44
0.5,45
0.5,46
0.5,47
0.5,48
0.5,49
1.5,42
1.5,43
1.5,44
1.5,45
1.5,46
1.5,47
1.5,48
1.5,49
2.5,42
2.5,43
2.5,44
2.5,45
2.5,46
2.5,47
2.5,48
2.5,49
3.5,42
3.5,43
3.5,44
3.5,45
3.5,46
3.5,47
3.5,48
3.5,49
4.5,42
4.5,43
4.5,44
4.5,45
4.5,46
4.5,47
4.5,48
4.5,49
5.5,42
5.5,43
5.5,44
5.5,45
5.5,46
5.5,47
5.5,48
5.5,49
99.5,42
99.5,43
99.5,44
99.5,45
99.5,46
99.5,47
99.5,48
99.5,49
98.5,42
98.5,43
98.5,44
98.5,45
98.5,46
98.5,47
98.5,48
98.5,49
97.5,42
97.5,43
97.5,44
97.5,45
97.5,46
97.5,47
97.5,48
97.5,49
96.5,42
96.5,43
96.5,44
96.5,45
96.5,46
96.5,47
96.5,49
96.5,48
95.5,42
95.5,43
95.5,44
95.5,45
95.5,46
95.5,47
95.5,48
95.5,49
94.5,42
94.5,43
94.5,44
94.5,45
94.5,46
94.5,48
94.5,49
94.5,47
93.5,42
93.5,43
93.5,44
93.5,45
93.5,46
93.5,47
93.5,48
93.5,49
92.5,42
92.5,43
92.5,44
92.5,45
92.5,47
92.5,48
92.5,49
92.5,46
91.5,42
91.5,43
91.5,44
91.5,45
91.5,46
91.5,47
91.5,48
91.5,49
90.5,42
90.5,43
90.5,44
90.5,46
90.5,47
90.5,48
90.5,49
90.5,45
89.5,42
89.5,43
89.5,44
89.5,45
89.5,46
89.5,47
89.5,48
89.5,49
88.5,42
88.5,43
88.5,45
88.5,46
88.5,47
88.5,48
88.5,49
88.5,44
87.5,42
87.5,43
87.5,44
87.5,45
87.5,46
87.5,47
87.5,48
87.5,49
86.5,42
86.5,44
86.5,45
86.5,46
86.5,47
86.5,48
86.5,49
86.5,43
85.5,42
85.5,43
85.5,44
85.5,45
85.5,46
85.5,47
85.5,48
85.5,49
84.5,43
84.5,44
84.5,45
84.5,46
84.5,47
84.5,48
84.5,49
84.5,42
83.5,42
83.5,43
83.5,44
83.5,45
83.5,46
83.5,47
83.5,48
83.5,49
82.5,42
82.5,43
82.5,44
82.5,45
82.5,46
82.5,47
82.5,48
82.5,49
1.5,50
2.5,50
3.5,50
4.5,50
5.5,50
0.5,50
0.5,51
0.5,52
0.5,53
0.5,54
0.5,55
0.5,56
0.5,57
0.5,58
0.5,59
0.5,60
0.5,61
0.5,62
0.5,74
0.5,73
0.5,72
0.5,71
0.5,70
0.5,69
0.5,68
0.5,67
0.5,66
0.5,65
0.5,64
0.5,63
1.5,51
1.5,52
1.5,53
1.5,54
1.5,55
1.5,56
1.5,57
1.5,58
1.5,59
1.5,60
1.5,61
1.5,62
1.5,63
1.5,74
1.5,73
1.5,72
1.5,71
1.5,70
1.5,69
1.5,68
1.5,67
1.5,66
1.5,65
1.5,64
3.5,51
4.5,51
5.5,51
2.5,51
2.5,52
2.5,53
2.5,54
2.5,55
2.5,56
2.5,57
2.5,58
2.5,59
2.5,60
2.5,61
2.5,62
2.5,63
2.5,74
2.5,73
2.5,72
2.5,71
2.5,70
2.5,69
2.5,68
2.5,67
2.5,66
2.5,65
2.5,64
3.5,52
3.5,53
3.5,54
3.5,55
3.5,56
3.5,57
3.5,58
3.5,59
3.5,60
3.5,61
3.5,62
3.5,63
3.5,64
3.5,74
3.5,73
3.5,72
3.5,71
3.5,70
3.5,69
3.5,68
3.5,67
3.5,66
3.5,65
5.5,52
4.5,52
4.5,53
4.5,54
4.5,55
4.5,56
4.5,57
4.5,58
4.5,59
4.5,60
4.5,61
4.5,62
4.5,63
4.5,64
4.5,74
4.5,73
4.5,72
4.5,71
4.5,70
4.5,69
4.5,68
4.5,67
4.5,66
4.5,65
5.5,53
5.5,54
5.5,55
5.5,56
5.5,57
5.5,58
5.5,59
5.5,60
5.5,61
5.5,62
5.5,63
5.5,64
5.5,65
5.5,74
5.5,73
5.5,72
5.5,71
5.5,70
5.5,69
5.5,68
5.5,67
5.5,66
0.5,75
0.5,85
0.5,84
0.5,83
0.5,82
0.5,81
0.5,80
0.5,79
0.5,78
0.5,77
0.5,76
1.5,85
1.5,84
1.5,83
1.5,82
1.5,81
1.5,80
1.5,79
1.5,78
1.5,77
1.5,76
2.5,76
2.5,85
2.5,84
2.5,83
2.5,82
2.5,81
2.5,80
2.5,79
2.5,78
2.5,77
3.5,85
3.5,84
3.5,83
3.5,82
3.5,81
3.5,80
3.5,79
3.5,78
3.5,77
4.5,77
4.5,85
4.5,84
4.5,83
4.5,82
4.5,81
4.5,80
4.5,79
4.5,78
5.5,85
5.5,84
5.5,83
5.5,82
5.5,81
5.5,80
5.5,79
5.5,78
5.5,77
5.5,76
4.5,76
3.5,76
5.5,75
4.5,75
3.5,75
2.5,75
1.5,75
99.5,50
98.5,50
97.5,50
96.5,50
95.5,50
94.5,50
93.5,50
92.5,50
91.5,50
90.5,50
89.5,50
88.5,50
87.5,50
86.5,50
85.5,50
84.5,50
83.5,50
82.5,50
99.5,51
98.5,51
97.5,51
96.5,51
95.5,51
94.5,51
93.5,51
92.5,51
91.5,51
90.5,51
89.5,51
88.5,51
87.5,51
86.5,51
85.5,51
84.5,51
83.5,51
82.5,51
99.5,52
98.5,52
97.5,52
96.5,52
95.5,52
94.5,52
93.5,52
92.5,52
91.5,52
90.5,52
89.5,52
88.5,52
87.5,52
86.5,52
85.5,52
84.5,52
83.5,52
82.5,52
99.5,53
98.5,53
97.5,53
96.5,53
95.5,53
94.5,53
93.5,53
92.5,53
91.5,53
90.5,53
89.5,53
88.5,53
87.5,53
86.5,53
85.5,53
84.5,53
83.5,53
82.5,53
83.5,54
99.5,54
98.5,54
97.5,54
96.5,54
95.5,54
94.5,54
93.5,54
92.5,54
91.5,54
90.5,54
89.5,54
88.5,54
87.5,54
86.5,54
85.5,54
84.5,54
85.5,55
99.5,55
98.5,55
97.5,55
96.5,55
95.5,55
94.5,55
93.5,55
92.5,55
91.5,55
90.5,55
89.5,55
88.5,55
87.5,55
86.5,55
87.5,56
99.5,56
98.5,56
97.5,56
96.5,56
95.5,56
94.5,56
93.5,56
92.5,56
91.5,56
90.5,56
89.5,56
88.5,56
89.5,57
99.5,57
98.5,57
97.5,57
96.5,57
95.5,57
94.5,57
93.5,57
92.5,57
91.5,57
90.5,57
91.5,58
99.5,58
98.5,58
97.5,58
96.5,58
95.5,58
94.5,58
93.5,58
92.5,58
93.5,59
99.5,59
98.5,59
97.5,59
96.5,59
95.5,59
94.5,59
95.5,60
99.5,60
98.5,60
97.5,60
96.5,60
97.5,61
99.5,61
98.5,61
99.5,62
99.5,74
99.5,73
99.5,72
99.5,71
99.5,70
99.5,69
99.5,68
99.5,67
99.5,66
99.5,65
99.5,64
99.5,63
98.5,74
98.5,73
98.5,72
98.5,71
98.5,70
98.5,69
98.5,68
98.5,67
98.5,66
98.5,65
98.5,64
98.5,63
98.5,62
97.5,74
97.5,73
97.5,72
97.5,71
97.5,70
97.5,69
97.5,68
97.5,67
97.5,66
97.5,65
97.5,64
97.5,63
97.5,62
96.5,74
96.5,73
96.5,72
96.5,71
96.5,70
96.5,69
96.5,68
96.5,67
96.5,66
96.5,65
96.5,64
96.5,63
96.5,62
96.5,61
95.5,74
95.5,73
95.5,72
95.5,71
95.5,70
95.5,69
95.5,68
95.5,67
95.5,66
95.5,65
95.5,64
95.5,63
95.5,62
95.5,61
94.5,74
94.5,73
94.5,72
94.5,71
94.5,70
94.5,69
94.5,68
94.5,67
94.5,66
94.5,65
94.5,64
94.5,63
94.5,62
94.5,61
94.5,60
93.5,74
93.5,73
93.5,72
93.5,71
93.5,70
93.5,69
93.5,68
93.5,67
93.5,66
93.5,65
93.5,64
93.5,63
93.5,62
93.5,61
93.5,60
92.5,74
92.5,73
92.5,72
92.5,71
92.5,70
92.5,69
92.5,68
92.5,67
92.5,66
92.5,65
92.5,64
92.5,63
92.5,62
92.5,61
92.5,60
92.5,59
91.5,74
91.5,73
91.5,72
91.5,71
91.5,70
91.5,69
91.5,68
91.5,67
91.5,66
91.5,65
91.5,64
91.5,63
91.5,62
91.5,61
91.5,60
91.5,59
90.5,74
90.5,73
90.5,72
90.5,71
90.5,70
90.5,69
90.5,68
90.5,67
90.5,66
90.5,65
90.5,64
90.5,63
90.5,62
90.5,61
90.5,60
90.5,59
90.5,58
89.5,74
89.5,73
89.5,72
89.5,71
89.5,70
89.5,69
89.5,68
89.5,67
89.5,66
89.5,65
89.5,64
89.5,63
89.5,62
89.5,61
89.5,60
89.5,59
89.5,58
88.5,74
88.5,73
88.5,72
88.5,71
88.5,70
88.5,69
88.5,68
88.5,67
88.5,66
88.5,65
88.5,64
88.5,63
88.5,62
88.5,61
88.5,60
88.5,59
88.5,58
88.5,57
87.5,74
87.5,73
87.5,72
87.5,71
87.5,70
87.5,69
87.5,68
87.5,67
87.5,66
87.5,65
87.5,64
87.5,63
87.5,62
87.5,61
87.5,60
87.5,59
87.5,58
87.5,57
86.5,74
86.5,73
86.5,72
86.5,71
86.5,70
86.5,69
86.5,68
86.5,67
86.5,66
86.5,65
86.5,64
86.5,63
86.5,62
86.5,61
86.5,60
86.5,59
86.5,58
86.5,57
86.5,56
85.5,74
85.5,73
85.5,72
85.5,71
85.5,70
85.5,69
85.5,68
85.5,67
85.5,66
85.5,65
85.5,64
85.5,63
85.5,62
85.5,61
85.5,60
85.5,59
85.5,58
85.5,57
85.5,56
84.5,74
84.5,73
84.5,72
84.5,71
84.5,70
84.5,69
84.5,68
84.5,67
84.5,66
84.5,65
84.5,64
84.5,63
84.5,62
84.5,61
84.5,60
84.5,59
84.5,58
84.5,57
84.5,56
84.5,55
83.5,74
83.5,73
83.5,72
83.5,71
83.5,70
83.5,69
83.5,68
83.5,67
83.5,66
83.5,65
83.5,64
83.5,63
83.5,62
83.5,61
83.5,60
83.5,59
83.5,58
83.5,57
83.5,56
83.5,55
82.5,74
82.5,73
82.5,72
82.5,71
82.5,70
82.5,69
82.5,68
82.5,67
82.5,66
82.5,65
82.5,64
82.5,63
82.5,62
82.5,61
82.5,60
82.5,59
82.5,58
82.5,57
82.5,56
82.5,55
82.5,54
96.5,85
97.5,85
98.5,85
99.5,85
95.5,85
94.5,85
93.5,85
94.5,84
95.5,84
96.5,84
97.5,84
98.5,84
99.5,84
93.5,84
92.5,84
92.5,85
91.5,84
91.5,85
92.5,83
93.5,83
94.5,83
95.5,83
96.5,83
97.5,83
98.5,83
99.5,83
91.5,83
90.5,83
90.5,84
90.5,85
89.5,83
89.5,84
89.5,85
90.5,82
91.5,82
92.5,82
93.5,82
94.5,82
95.5,82
96.5,82
97.5,82
98.5,82
99.5,82
89.5,82
88.5,82
88.5,83
88.5,84
88.5,85
87.5,82
87.5,83
87.5,84
87.5,85
88.5,81
89.5,81
90.5,81
91.5,81
92.5,81
93.5,81
94.5,81
95.5,81
96.5,81
97.5,81
98.5,81
99.5,81
87.5,81
86.5,81
86.5,82
86.5,83
86.5,84
86.5,85
85.5,81
85.5,82
85.5,83
85.5,84
85.5,85
86.5,80
87.5,80
88.5,80
89.5,80
90.5,80
91.5,80
92.5,80
93.5,80
94.5,80
95.5,80
96.5,80
97.5,80
98.5,80
99.5,80
85.5,80
84.5,80
84.5,81
84.5,82
84.5,83
84.5,84
84.5,85
83.5,80
83.5,81
83.5,82
83.5,83
83.5,84
83.5,85
84.5,79
85.5,79
86.5,79
87.5,79
88.5,79
89.5,79
90.5,79
91.5,79
92.5,79
93.5,79
94.5,79
95.5,79
96.5,79
97.5,79
98.5,79
99.5,79
83.5,79
82.5,79
82.5,80
82.5,81
82.5,82
82.5,83
82.5,84
82.5,85
82.5,78
83.5,78
84.5,78
85.5,78
86.5,78
87.5,78
88.5,78
89.5,78
90.5,78
91.5,78
92.5,78
93.5,78
94.5,78
95.5,78
96.5,78
97.5,78
98.5,78
99.5,78
82.5,77
83.5,77
84.5,77
85.5,77
86.5,77
87.5,77
88.5,77
89.5,77
90.5,77
91.5,77
92.5,77
93.5,77
94.5,77
95.5,77
96.5,77
97.5,77
98.5,77
99.5,77
82.5,76
83.5,76
84.5,76
85.5,76
86.5,76
87.5,76
88.5,76
89.5,76
90.5,76
91.5,76
92.5,76
93.5,76
94.5,76
95.5,76
96.5,76
97.5,76
98.5,76
99.5,76
82.5,75
83.5,75
84.5,75
85.5,75
86.5,75
87.5,75
88.5,75
89.5,75
90.5,75
91.5,75
92.5,75
93.5,75
94.5,75
95.5,75
96.5,75
97.5,75
98.5,75
99.5,75
