x coord,y coord
1.5,0
2.5,0
3.5,0
4.5,0
5.5,0
0.5,0
0.5,1
0.5,2
0.5,3
0.5,4
0.5,5
0.5,6
0.5,7
0.5,8
0.5,9
0.5,10
0.5,11
0.5,12
0.5,24
0.5,23
0.5,22
0.5,21
0.5,20
0.5,19
0.5,18
0.5,17
0.5,16
0.5,15
0.5,14
0.5,13
1.5,1
1.5,2
1.5,3
1.5,4
1.5,5
1.5,6
1.5,7
1.5,8
1.5,9
1.5,10
1.5,11
1.5,12
1.5,13
1.5,24
1.5,23
1.5,22
1.5,21
1.5,20
1.5,19
1.5,18
1.5,17
1.5,16
1.5,15
1.5,14
3.5,1
4.5,1
5.5,1
2.5,1
2.5,2
2.5,3
2.5,4
2.5,5
2.5,6
2.5,7
2.5,8
2.5,9
2.5,10
2.5,11
2.5,12
2.5,13
2.5,24
2.5,23
2.5,22
2.5,21
2.5,20
2.5,19
2.5,18
2.5,17
2.5,16
2.5,15
2.5,14
3.5,2
3.5,3
3.5,4
3.5,5
3.5,6
3.5,7
3.5,8
3.5,9
3.5,10
3.5,11
3.5,12
3.5,13
3.5,14
3.5,24
3.5,23
3.5,22
3.5,21
3.5,20
3.5,19
3.5,18
3.5,17
3.5,16
3.5,15
5.5,2
4.5,2
4.5,3
4.5,4
4.5,5
4.5,6
4.5,7
4.5,8
4.5,9
4.5,10
4.5,11
4.5,12
4.5,13
4.5,14
4.5,24
4.5,23
4.5,22
4.5,21
4.5,20
4.5,19
4.5,18
4.5,17
4.5,16
4.5,15
5.5,3
5.5,4
5.5,5
5.5,6
5.5,7
5.5,8
5.5,9
5.5,10
5.5,11
5.5,12
5.5,13
5.5,14
5.5,15
5.5,24
5.5,23
5.5,22
5.5,21
5.5,20
5.5,19
5.5,18
5.5,17
5.5,16
0.5,25
0.5,35
0.5,34
0.5,33
0.5,32
0.5,31
0.5,30
0.5,29
0.5,28
0.5,27
0.5,26
1.5,35
1.5,34
1.5,33
1.5,32
1.5,31
1.5,30
1.5,29
1.5,28
1.5,27
1.5,26
2.5,26
2.5,35
2.5,34
2.5,33
2.5,32
2.5,31
2.5,30
2.5,29
2.5,28
2.5,27
3.5,35
3.5,34
3.5,33
3.5,32
3.5,31
3.5,30
3.5,29
3.5,28
3.5,27
4.5,27
4.5,35
4.5,34
4.5,33
4.5,32
4.5,31
4.5,30
4.5,29
4.5,28
5.5,35
5.5,34
5.5,33
5.5,32
5.5,31
5.5,30
5.5,29
5.5,28
5.5,27
5.5,26
4.5,26
3.5,26
5.5,25
4.5,25
3.5,25
2.5,25
1.5,25
99.5,0
98.5,0
97.5,0
96.5,0
95.5,0
94.5,0
93.5,0
92.5,0
91.5,0
90.5,0
89.5,0
88.5,0
87.5,0
86.5,0
85.5,0
84.5,0
83.5,0
82.5,0
99.5,1
98.5,1
97.5,1
96.5,1
95.5,1
94.5,1
93.5,1
92.5,1
91.5,1
90.5,1
89.5,1
88.5,1
87.5,1
86.5,1
85.5,1
84.5,1
83.5,1
82.5,1
99.5,2
98.5,2
97.5,2
96.5,2
95.5,2
94.5,2
93.5,2
92.5,2
91.5,2
90.5,2
89.5,2
88.5,2
87.5,2
86.5,2
85.5,2
84.5,2
83.5,2
82.5,2
99.5,3
98.5,3
97.5,3
96.5,3
95.5,3
94.5,3
93.5,3
92.5,3
91.5,3
90.5,3
89.5,3
88.5,3
87.5,3
86.5,3
85.5,3
84.5,3
83.5,3
82.5,3
83.5,4
99.5,4
98.5,4
97.5,4
96.5,4
95.5,4
94.5,4
93.5,4
92.5,4
91.5,4
90.5,4
89.5,4
88.5,4
87.5,4
86.5,4
85.5,4
84.5,4
85.5,5
99.5,5
98.5,5
97.5,5
96.5,5
95.5,5
94.5,5
93.5,5
92.5,5
91.5,5
90.5,5
89.5,5
88.5,5
87.5,5
86.5,5
87.5,6
99.5,6
98.5,6
97.5,6
96.5,6
95.5,6
94.5,6
93.5,6
92.5,6
91.5,6
90.5,6
89.5,6
88.5,6
89.5,7
99.5,7
98.5,7
97.5,7
96.5,7
95.5,7
94.5,7
93.5,7
92.5,7
91.5,7
90.5,7
91.5,8
99.5,8
98.5,8
97.5,8
96.5,8
95.5,8
94.5,8
93.5,8
92.5,8
93.5,9
99.5,9
98.5,9
97.5,9
96.5,9
95.5,9
94.5,9
95.5,10
99.5,10
98.5,10
97.5,10
96.5,10
97.5,11
99.5,11
98.5,11
99.5,12
99.5,24
99.5,23
99.5,22
99.5,21
99.5,20
99.5,19
99.5,18
99.5,17
99.5,16
99.5,15
99.5,14
99.5,13
98.5,24
98.5,23
98.5,22
98.5,21
98.5,20
98.5,19
98.5,18
98.5,17
98.5,16
98.5,15
98.5,14
98.5,13
98.5,12
97.5,24
97.5,23
97.5,22
97.5,21
97.5,20
97.5,19
97.5,18
97.5,17
97.5,16
97.5,15
97.5,14
97.5,13
97.5,12
96.5,24
96.5,23
96.5,22
96.5,21
96.5,20
96.5,19
96.5,18
96.5,17
96.5,16
96.5,15
96.5,14
96.5,13
96.5,12
96.5,11
95.5,24
95.5,23
95.5,22
95.5,21
95.5,20
95.5,19
95.5,18
95.5,17
95.5,16
95.5,15
95.5,14
95.5,13
95.5,12
95.5,11
94.5,24
94.5,23
94.5,22
94.5,21
94.5,20
94.5,19
94.5,18
94.5,17
94.5,16
94.5,15
94.5,14
94.5,13
94.5,12
94.5,11
94.5,10
93.5,24
93.5,23
93.5,22
93.5,21
93.5,20
93.5,19
93.5,18
93.5,17
93.5,16
93.5,15
93.5,14
93.5,13
93.5,12
93.5,11
93.5,10
92.5,24
92.5,23
92.5,22
92.5,21
92.5,20
92.5,19
92.5,18
92.5,17
92.5,16
92.5,15
92.5,14
92.5,13
92.5,12
92.5,11
92.5,10
92.5,9
91.5,24
91.5,23
91.5,22
91.5,21
91.5,20
91.5,19
91.5,18
91.5,17
91.5,16
91.5,15
91.5,14
91.5,13
91.5,12
91.5,11
91.5,10
91.5,9
90.5,24
90.5,23
90.5,22
90.5,21
90.5,20
90.5,19
90.5,18
90.5,17
90.5,16
90.5,15
90.5,14
90.5,13
90.5,12
90.5,11
90.5,10
90.5,9
90.5,8
89.5,24
89.5,23
89.5,22
89.5,21
89.5,20
89.5,19
89.5,18
89.5,17
89.5,16
89.5,15
89.5,14
89.5,13
89.5,12
89.5,11
89.5,10
89.5,9
89.5,8
88.5,24
88.5,23
88.5,22
88.5,21
88.5,20
88.5,19
88.5,18
88.5,17
88.5,16
88.5,15
88.5,14
88.5,13
88.5,12
88.5,11
88.5,10
88.5,9
88.5,8
88.5,7
87.5,24
87.5,23
87.5,22
87.5,21
87.5,20
87.5,19
87.5,18
87.5,17
87.5,16
87.5,15
87.5,14
87.5,13
87.5,12
87.5,11
87.5,10
87.5,9
87.5,8
87.5,7
86.5,24
86.5,23
86.5,22
86.5,21
86.5,20
86.5,19
86.5,18
86.5,17
86.5,16
86.5,15
86.5,14
86.5,13
86.5,12
86.5,11
86.5,10
86.5,9
86.5,8
86.5,7
86.5,6
85.5,24
85.5,23
85.5,22
85.5,21
85.5,20
85.5,19
85.5,18
85.5,17
85.5,16
85.5,15
85.5,14
85.5,13
85.5,12
85.5,11
85.5,10
85.5,9
85.5,8
85.5,7
85.5,6
84.5,24
84.5,23
84.5,22
84.5,21
84.5,20
84.5,19
84.5,18
84.5,17
84.5,16
84.5,15
84.5,14
84.5,13
84.5,12
84.5,11
84.5,10
84.5,9
84.5,8
84.5,7
84.5,6
84.5,5
83.5,24
83.5,23
83.5,22
83.5,21
83.5,20
83.5,19
83.5,18
83.5,17
83.5,16
83.5,15
83.5,14
83.5,13
83.5,12
83.5,11
83.5,10
83.5,9
83.5,8
83.5,7
83.5,6
83.5,5
82.5,24
82.5,23
82.5,22
82.5,21
82.5,20
82.5,19
82.5,18
82.5,17
82.5,16
82.5,15
82.5,14
82.5,13
82.5,12
82.5,11
82.5,10
82.5,9
82.5,8
82.5,7
82.5,6
82.5,5
82.5,4
96.5,35
97.5,35
98.5,35
99.5,35
95.5,35
94.5,35
93.5,35
94.5,34
95.5,34
96.5,34
97.5,34
98.5,34
99.5,34
93.5,34
92.5,34
92.5,35
91.5,34
91.5,35
92.5,33
93.5,33
94.5,33
95.5,33
96.5,33
97.5,33
98.5,33
99.5,33
91.5,33
90.5,33
90.5,34
90.5,35
89.5,33
89.5,34
89.5,35
90.5,32
91.5,32
92.5,32
93.5,32
94.5,32
95.5,32
96.5,32
97.5,32
98.5,32
99.5,32
89.5,32
88.5,32
88.5,33
88.5,34
88.5,35
87.5,32
87.5,33
87.5,34
87.5,35
88.5,31
89.5,31
90.5,31
91.5,31
92.5,31
93.5,31
94.5,31
95.5,31
96.5,31
97.5,31
98.5,31
99.5,31
87.5,31
86.5,31
86.5,32
86.5,33
86.5,34
86.5,35
85.5,31
85.5,32
85.5,33
85.5,34
85.5,35
86.5,30
87.5,30
88.5,30
89.5,30
90.5,30
91.5,30
92.5,30
93.5,30
94.5,30
95.5,30
96.5,30
97.5,30
98.5,30
99.5,30
85.5,30
84.5,30
84.5,31
84.5,32
84.5,33
84.5,34
84.5,35
83.5,30
83.5,31
83.5,32
83.5,33
83.5,34
83.5,35
84.5,29
85.5,29
86.5,29
87.5,29
88.5,29
89.5,29
90.5,29
91.5,29
92.5,29
93.5,29
94.5,29
95.5,29
96.5,29
97.5,29
98.5,29
99.5,29
83.5,29
82.5,29
82.5,30
82.5,31
82.5,32
82.5,33
82.5,34
82.5,35
82.5,28
83.5,28
84.5,28
85.5,28
86.5,28
87.5,28
88.5,28
89.5,28
90.5,28
91.5,28
92.5,28
93.5,28
94.5,28
95.5,28
96.5,28
97.5,28
98.5,28
99.5,28
82.5,27
83.5,27
84.5,27
85.5,27
86.5,27
87.5,27
88.5,27
89.5,27
90.5,27
91.5,27
92.5,27
93.5,27
94.5,27
95.5,27
96.5,27
97.5,27
98.5,27
99.5,27
82.5,26
83.5,26
84.5,26
85.5,26
86.5,26
87.5,26
88.5,26
89.5,26
90.5,26
91.5,26
92.5,26
93.5,26
94.5,26
95.5,26
96.5,26
97.5,26
98.5,26
99.5,26
82.5,25
83.5,25
84.5,25
85.5,25
86.5,25
87.5,25
88.5,25
89.5,25
90.5,25
91.5,25
92.5,25
93.5,25
94.5,25
95.5,25
96.5,25
97.5,25
98.5,25
99.5,25
0.5,92
0.5,93
0.5,94
0.5,95
0.5,96
0.5,97
0.5,98
0.5,99
1.5,92
1.5,93
1.5,94
1.5,95
1.5,96
1.5,97
1.5,98
1.5,99
2.5,92
2.5,93
2.5,94
2.5,95
2.5,96
2.5,97
2.5,98
2.5,99
3.5,92
3.5,93
3.5,94
3.5,95
3.5,96
3.5,97
3.5,98
3.5,99
4.5,92
4.5,93
4.5,94
4.5,95
4.5,96
4.5,97
4.5,98
4.5,99
5.5,92
5.5,93
5.5,94
5.5,95
5.5,96
5.5,97
5.5,98
5.5,99
99.5,92
99.5,93
99.5,94
99.5,95
99.5,96
99.5,97
99.5,98
99.5,99
98.5,92
98.5,93
98.5,94
98.5,95
98.5,96
98.5,97
98.5,98
98.5,99
97.5,92
97.5,93
97.5,94
97.5,95
97.5,96
97.5,97
97.5,98
97.5,99
96.5,92
96.5,93
96.5,94
96.5,95
96.5,96
96.5,97
96.5,99
96.5,98
95.5,92
95.5,93
95.5,94
95.5,95
95.5,96
95.5,97
95.5,98
95.5,99
94.5,92
94.5,93
94.5,94
94.5,95
94.5,96
94.5,98
94.5,99
94.5,97
93.5,92
93.5,93
93.5,94
93.5,95
93.5,96
93.5,97
93.5,98
93.5,99
92.5,92
92.5,93
92.5,94
92.5,95
92.5,97
92.5,98
92.5,99
92.5,96
91.5,92
91.5,93
91.5,94
91.5,95
91.5,96
91.5,97
91.5,98
91.5,99
90.5,92
90.5,93
90.5,94
90.5,96
90.5,97
90.5,98
90.5,99
90.5,95
89.5,92
89.5,93
89.5,94
89.5,95
89.5,96
89.5,97
89.5,98
89.5,99
88.5,92
88.5,93
88.5,95
88.5,96
88.5,97
88.5,98
88.5,99
88.5,94
87.5,92
87.5,93
87.5,94
87.5,95
87.5,96
87.5,97
87.5,98
87.5,99
86.5,92
86.5,94
86.5,95
86.5,96
86.5,97
86.5,98
86.5,99
86.5,93
85.5,92
85.5,93
85.5,94
85.5,95
85.5,96
85.5,97
85.5,98
85.5,99
84.5,93
84.5,94
84.5,95
84.5,96
84.5,97
84.5,98
84.5,99
84.5,92
83.5,92
83.5,93
83.5,94
83.5,95
83.5,96
83.5,97
83.5,98
83.5,99
82.5,92
82.5,93
82.5,94
82.5,95
82.5,96
82.5,97
82.5,98
82.5,99
