x coord,y coord
49.5,24
49.5,23
49.5,22
49.5,21
49.5,20
49.5,19
49.5,18
49.5,17
48.5,24
48.5,23
48.5,22
48.5,21
48.5,20
48.5,19
48.5,18
48.5,17
47.5,24
47.5,23
47.5,22
47.5,21
47.5,20
47.5,19
47.5,18
47.5,17
46.5,24
46.5,23
46.5,22
46.5,21
46.5,20
46.5,19
46.5,18
46.5,17
45.5,24
45.5,23
45.5,22
45.5,21
45.5,20
45.5,19
45.5,18
45.5,17
44.5,24
44.5,23
44.5,22
44.5,21
44.5,20
44.5,19
44.5,18
44.5,17
43.5,24
43.5,23
43.5,22
43.5,21
43.5,20
43.5,19
43.5,18
43.5,17
42.5,24
42.5,23
42.5,22
42.5,21
42.5,20
42.5,19
42.5,18
42.5,17
41.5,24
41.5,23
41.5,22
41.5,21
41.5,20
41.5,19
41.5,18
41.5,17
40.5,24
40.5,23
40.5,22
40.5,21
40.5,20
40.5,19
40.5,18
40.5,17
39.5,24
39.5,23
39.5,22
39.5,21
39.5,20
39.5,19
39.5,18
39.5,17
38.5,24
38.5,23
38.5,22
38.5,21
38.5,20
38.5,19
38.5,18
38.5,17
37.5,24
37.5,23
37.5,22
37.5,21
37.5,20
37.5,19
37.5,18
37.5,17
36.5,24
36.5,23
36.5,22
36.5,21
36.5,20
36.5,19
36.5,18
36.5,17
35.5,24
35.5,23
35.5,22
35.5,21
35.5,20
35.5,19
35.5,18
35.5,17
34.5,24
34.5,23
34.5,22
34.5,21
34.5,20
34.5,19
34.5,18
34.5,17
33.5,24
33.5,23
33.5,22
33.5,21
33.5,20
33.5,19
33.5,18
33.5,17
32.5,24
32.5,23
32.5,22
32.5,21
32.5,20
32.5,19
32.5,18
32.5,17
49.5,38
49.5,39
49.5,40
49.5,41
49.5,42
49.5,43
49.5,44
49.5,45
49.5,46
49.5,47
49.5,48
49.5,49
49.5,37
48.5,37
48.5,38
48.5,39
48.5,40
48.5,41
48.5,42
48.5,43
48.5,44
48.5,45
48.5,46
48.5,47
48.5,48
48.5,49
47.5,37
47.5,38
47.5,39
47.5,40
47.5,41
47.5,42
47.5,43
47.5,44
47.5,45
47.5,46
47.5,47
47.5,48
47.5,49
48.5,36
49.5,36
47.5,36
46.5,36
46.5,37
46.5,38
46.5,39
46.5,40
46.5,41
46.5,42
46.5,43
46.5,44
46.5,45
46.5,46
46.5,47
46.5,49
46.5,48
45.5,36
45.5,37
45.5,38
45.5,39
45.5,40
45.5,41
45.5,42
45.5,43
45.5,44
45.5,45
45.5,46
45.5,47
45.5,48
45.5,49
46.5,35
47.5,35
48.5,35
49.5,35
45.5,35
44.5,35
44.5,36
44.5,37
44.5,38
44.5,39
44.5,40
44.5,41
44.5,42
44.5,43
44.5,44
44.5,45
44.5,46
44.5,48
44.5,49
44.5,47
43.5,35
43.5,36
43.5,37
43.5,38
43.5,39
43.5,40
43.5,41
43.5,42
43.5,43
43.5,44
43.5,45
43.5,46
43.5,47
43.5,48
43.5,49
44.5,34
45.5,34
46.5,34
47.5,34
48.5,34
49.5,34
43.5,34
42.5,34
42.5,35
42.5,36
42.5,37
42.5,38
42.5,39
42.5,40
42.5,41
42.5,42
42.5,43
42.5,44
42.5,45
42.5,47
42.5,48
42.5,49
42.5,46
41.5,34
41.5,35
41.5,36
41.5,37
41.5,38
41.5,39
41.5,40
41.5,41
41.5,42
41.5,43
41.5,44
41.5,45
41.5,46
41.5,47
41.5,48
41.5,49
42.5,33
43.5,33
44.5,33
45.5,33
46.5,33
47.5,33
48.5,33
49.5,33
41.5,33
40.5,33
40.5,34
40.5,35
40.5,36
40.5,37
40.5,38
40.5,39
40.5,40
40.5,41
40.5,42
40.5,43
40.5,44
40.5,46
40.5,47
40.5,48
40.5,49
40.5,45
39.5,33
39.5,34
39.5,35
39.5,36
39.5,37
39.5,38
39.5,39
39.5,40
39.5,41
39.5,42
39.5,43
39.5,44
39.5,45
39.5,46
39.5,47
39.5,48
39.5,49
40.5,32
41.5,32
42.5,32
43.5,32
44.5,32
45.5,32
46.5,32
47.5,32
48.5,32
49.5,32
39.5,32
38.5,32
38.5,33
38.5,34
38.5,35
38.5,36
38.5,37
38.5,38
38.5,39
38.5,40
38.5,41
38.5,42
38.5,43
38.5,45
38.5,46
38.5,47
38.5,48
38.5,49
38.5,44
37.5,32
37.5,33
37.5,34
37.5,35
37.5,36
37.5,37
37.5,38
37.5,39
37.5,40
37.5,41
37.5,42
37.5,43
37.5,44
37.5,45
37.5,46
37.5,47
37.5,48
37.5,49
38.5,31
39.5,31
40.5,31
41.5,31
42.5,31
43.5,31
44.5,31
45.5,31
46.5,31
47.5,31
48.5,31
49.5,31
37.5,31
36.5,31
36.5,32
36.5,33
36.5,34
36.5,35
36.5,36
36.5,37
36.5,38
36.5,39
36.5,40
36.5,41
36.5,42
36.5,44
36.5,45
36.5,46
36.5,47
36.5,48
36.5,49
36.5,43
35.5,31
35.5,32
35.5,33
35.5,34
35.5,35
35.5,36
35.5,37
35.5,38
35.5,39
35.5,40
35.5,41
35.5,42
35.5,43
35.5,44
35.5,45
35.5,46
35.5,47
35.5,48
35.5,49
36.5,30
37.5,30
38.5,30
39.5,30
40.5,30
41.5,30
42.5,30
43.5,30
44.5,30
45.5,30
46.5,30
47.5,30
48.5,30
49.5,30
35.5,30
34.5,30
34.5,31
34.5,32
34.5,33
34.5,34
34.5,35
34.5,36
34.5,37
34.5,38
34.5,39
34.5,40
34.5,41
34.5,43
34.5,44
34.5,45
34.5,46
34.5,47
34.5,48
34.5,49
34.5,42
33.5,30
33.5,31
33.5,32
33.5,33
33.5,34
33.5,35
33.5,36
33.5,37
33.5,38
33.5,39
33.5,40
33.5,41
33.5,42
33.5,43
33.5,44
33.5,45
33.5,46
33.5,47
33.5,48
33.5,49
34.5,29
35.5,29
36.5,29
37.5,29
38.5,29
39.5,29
40.5,29
41.5,29
42.5,29
43.5,29
44.5,29
45.5,29
46.5,29
47.5,29
48.5,29
49.5,29
33.5,29
32.5,29
32.5,30
32.5,31
32.5,32
32.5,33
32.5,34
32.5,35
32.5,36
32.5,37
32.5,38
32.5,39
32.5,40
32.5,42
32.5,43
32.5,44
32.5,45
32.5,46
32.5,47
32.5,48
32.5,49
32.5,41
32.5,28
33.5,28
34.5,28
35.5,28
36.5,28
37.5,28
38.5,28
39.5,28
40.5,28
41.5,28
42.5,28
43.5,28
44.5,28
45.5,28
46.5,28
47.5,28
48.5,28
49.5,28
32.5,27
33.5,27
34.5,27
35.5,27
36.5,27
37.5,27
38.5,27
39.5,27
40.5,27
41.5,27
42.5,27
43.5,27
44.5,27
45.5,27
46.5,27
47.5,27
48.5,27
49.5,27
32.5,26
33.5,26
34.5,26
35.5,26
36.5,26
37.5,26
38.5,26
39.5,26
40.5,26
41.5,26
42.5,26
43.5,26
44.5,26
45.5,26
46.5,26
47.5,26
48.5,26
49.5,26
32.5,25
33.5,25
34.5,25
35.5,25
36.5,25
37.5,25
38.5,25
39.5,25
40.5,25
41.5,25
42.5,25
43.5,25
44.5,25
45.5,25
46.5,25
47.5,25
48.5,25
49.5,25
50.5,24
50.5,23
50.5,22
50.5,21
50.5,20
50.5,19
50.5,18
50.5,17
51.5,24
51.5,23
51.5,22
51.5,21
51.5,20
51.5,19
51.5,18
51.5,17
52.5,24
52.5,23
52.5,22
52.5,21
52.5,20
52.5,19
52.5,18
52.5,17
53.5,24
53.5,23
53.5,22
53.5,21
53.5,20
53.5,19
53.5,18
53.5,17
54.5,24
54.5,23
54.5,22
54.5,21
54.5,20
54.5,19
54.5,18
54.5,17
55.5,24
55.5,23
55.5,22
55.5,21
55.5,20
55.5,19
55.5,18
55.5,17
50.5,25
50.5,38
50.5,39
50.5,40
50.5,41
50.5,42
50.5,43
50.5,44
50.5,45
50.5,46
50.5,47
50.5,48
50.5,49
50.5,37
50.5,36
50.5,35
50.5,34
50.5,33
50.5,32
50.5,31
50.5,30
50.5,29
50.5,28
50.5,27
50.5,26
51.5,39
51.5,40
51.5,41
51.5,42
51.5,43
51.5,44
51.5,45
51.5,46
51.5,47
51.5,48
51.5,49
51.5,38
51.5,37
51.5,36
51.5,35
51.5,34
51.5,33
51.5,32
51.5,31
51.5,30
51.5,29
51.5,28
51.5,27
51.5,26
52.5,26
52.5,39
52.5,40
52.5,41
52.5,42
52.5,43
52.5,44
52.5,45
52.5,46
52.5,47
52.5,48
52.5,49
52.5,38
52.5,37
52.5,36
52.5,35
52.5,34
52.5,33
52.5,32
52.5,31
52.5,30
52.5,29
52.5,28
52.5,27
53.5,40
53.5,41
53.5,42
53.5,43
53.5,44
53.5,45
53.5,46
53.5,47
53.5,48
53.5,49
53.5,39
53.5,38
53.5,37
53.5,36
53.5,35
53.5,34
53.5,33
53.5,32
53.5,31
53.5,30
53.5,29
53.5,28
53.5,27
54.5,27
54.5,40
54.5,41
54.5,42
54.5,43
54.5,44
54.5,45
54.5,46
54.5,47
54.5,48
54.5,49
54.5,39
54.5,38
54.5,37
54.5,36
54.5,35
54.5,34
54.5,33
54.5,32
54.5,31
54.5,30
54.5,29
54.5,28
55.5,41
55.5,42
55.5,43
55.5,44
55.5,45
55.5,46
55.5,47
55.5,48
55.5,49
55.5,40
55.5,39
55.5,38
55.5,37
55.5,36
55.5,35
55.5,34
55.5,33
55.5,32
55.5,31
55.5,30
55.5,29
55.5,28
55.5,27
55.5,26
54.5,26
53.5,26
55.5,25
54.5,25
53.5,25
52.5,25
51.5,25
49.5,50
48.5,50
47.5,50
46.5,50
45.5,50
44.5,50
43.5,50
42.5,50
41.5,50
40.5,50
39.5,50
38.5,50
37.5,50
36.5,50
35.5,50
34.5,50
33.5,50
32.5,50
49.5,51
48.5,51
47.5,51
46.5,51
45.5,51
44.5,51
43.5,51
42.5,51
41.5,51
40.5,51
39.5,51
38.5,51
37.5,51
36.5,51
35.5,51
34.5,51
33.5,51
32.5,51
49.5,52
48.5,52
47.5,52
46.5,52
45.5,52
44.5,52
43.5,52
42.5,52
41.5,52
40.5,52
39.5,52
38.5,52
37.5,52
36.5,52
35.5,52
34.5,52
33.5,52
32.5,52
49.5,53
48.5,53
47.5,53
46.5,53
45.5,53
44.5,53
43.5,53
42.5,53
41.5,53
40.5,53
39.5,53
38.5,53
37.5,53
36.5,53
35.5,53
34.5,53
33.5,53
32.5,53
33.5,54
49.5,54
48.5,54
47.5,54
46.5,54
45.5,54
44.5,54
43.5,54
42.5,54
41.5,54
40.5,54
39.5,54
38.5,54
37.5,54
36.5,54
35.5,54
34.5,54
35.5,55
49.5,55
48.5,55
47.5,55
46.5,55
45.5,55
44.5,55
43.5,55
42.5,55
41.5,55
40.5,55
39.5,55
38.5,55
37.5,55
36.5,55
37.5,56
49.5,56
48.5,56
47.5,56
46.5,56
45.5,56
44.5,56
43.5,56
42.5,56
41.5,56
40.5,56
39.5,56
38.5,56
39.5,57
49.5,57
48.5,57
47.5,57
46.5,57
45.5,57
44.5,57
43.5,57
42.5,57
41.5,57
40.5,57
41.5,58
49.5,58
48.5,58
47.5,58
46.5,58
45.5,58
44.5,58
43.5,58
42.5,58
43.5,59
49.5,59
48.5,59
47.5,59
46.5,59
45.5,59
44.5,59
45.5,60
49.5,60
48.5,60
47.5,60
46.5,60
44.5,60
43.5,60
42.5,60
42.5,59
41.5,60
41.5,59
40.5,60
40.5,59
40.5,58
39.5,60
39.5,59
39.5,58
38.5,60
38.5,59
38.5,58
38.5,57
37.5,60
37.5,59
37.5,58
37.5,57
36.5,60
36.5,59
36.5,58
36.5,57
36.5,56
35.5,60
35.5,59
35.5,58
35.5,57
35.5,56
34.5,60
34.5,59
34.5,58
34.5,57
34.5,56
34.5,55
33.5,60
33.5,59
33.5,58
33.5,57
33.5,56
33.5,55
32.5,60
32.5,59
32.5,58
32.5,57
32.5,56
32.5,55
32.5,54
51.5,50
52.5,50
53.5,50
54.5,50
55.5,50
50.5,50
50.5,51
50.5,52
50.5,53
50.5,54
50.5,55
50.5,56
50.5,57
50.5,58
50.5,59
50.5,60
51.5,51
51.5,52
51.5,53
51.5,54
51.5,55
51.5,56
51.5,57
51.5,58
51.5,59
51.5,60
53.5,51
54.5,51
55.5,51
52.5,51
52.5,52
52.5,53
52.5,54
52.5,55
52.5,56
52.5,57
52.5,58
52.5,59
52.5,60
53.5,52
53.5,53
53.5,54
53.5,55
53.5,56
53.5,57
53.5,58
53.5,59
53.5,60
55.5,52
54.5,52
54.5,53
54.5,54
54.5,55
54.5,56
54.5,57
54.5,58
54.5,59
54.5,60
55.5,53
55.5,54
55.5,55
55.5,56
55.5,57
55.5,58
55.5,59
55.5,60
