x coord,y coord
62.5,0
63.5,0
64.5,0
65.5,0
66.5,0
67.5,0
68.5,0
69.5,0
70.5,0
71.5,0
72.5,0
73.5,0
74.5,0
62.5,1
63.5,1
64.5,1
65.5,1
66.5,1
67.5,1
68.5,1
69.5,1
70.5,1
71.5,1
72.5,1
73.5,1
74.5,1
62.5,2
63.5,2
64.5,2
65.5,2
66.5,2
67.5,2
68.5,2
69.5,2
70.5,2
71.5,2
72.5,2
73.5,2
74.5,2
62.5,3
63.5,3
64.5,3
65.5,3
66.5,3
67.5,3
68.5,3
69.5,3
70.5,3
71.5,3
72.5,3
73.5,3
74.5,3
62.5,4
63.5,4
64.5,4
65.5,4
66.5,4
67.5,4
68.5,4
69.5,4
70.5,4
71.5,4
72.5,4
73.5,4
74.5,4
62.5,5
63.5,5
64.5,5
65.5,5
66.5,5
67.5,5
68.5,5
69.5,5
70.5,5
71.5,5
72.5,5
73.5,5
74.5,5
63.5,6
64.5,6
65.5,6
66.5,6
67.5,6
68.5,6
69.5,6
70.5,6
71.5,6
72.5,6
73.5,6
74.5,6
62.5,6
62.5,7
62.5,8
62.5,9
62.5,10
62.5,11
62.5,12
62.5,13
62.5,14
62.5,15
62.5,16
62.5,17
62.5,18
62.5,24
62.5,23
62.5,22
62.5,21
62.5,20
62.5,19
63.5,7
63.5,8
63.5,9
63.5,10
63.5,11
63.5,12
63.5,13
63.5,14
63.5,15
63.5,16
63.5,17
63.5,18
63.5,19
63.5,24
63.5,23
63.5,22
63.5,21
63.5,20
65.5,7
66.5,7
67.5,7
68.5,7
69.5,7
70.5,7
71.5,7
72.5,7
73.5,7
74.5,7
64.5,7
64.5,8
64.5,9
64.5,10
64.5,11
64.5,12
64.5,13
64.5,14
64.5,15
64.5,16
64.5,17
64.5,18
64.5,19
64.5,24
64.5,23
64.5,22
64.5,21
64.5,20
65.5,8
65.5,9
65.5,10
65.5,11
65.5,12
65.5,13
65.5,14
65.5,15
65.5,16
65.5,17
65.5,18
65.5,19
65.5,20
65.5,24
65.5,23
65.5,22
65.5,21
67.5,8
68.5,8
69.5,8
70.5,8
71.5,8
72.5,8
73.5,8
74.5,8
66.5,8
66.5,9
66.5,10
66.5,11
66.5,12
66.5,13
66.5,14
66.5,15
66.5,16
66.5,17
66.5,18
66.5,19
66.5,20
66.5,24
66.5,23
66.5,22
66.5,21
67.5,9
67.5,10
67.5,11
67.5,12
67.5,13
67.5,14
67.5,15
67.5,16
67.5,17
67.5,18
67.5,19
67.5,20
67.5,21
67.5,24
67.5,23
67.5,22
69.5,9
70.5,9
71.5,9
72.5,9
73.5,9
74.5,9
68.5,9
68.5,10
68.5,11
68.5,12
68.5,13
68.5,14
68.5,15
68.5,16
68.5,17
68.5,18
68.5,19
68.5,20
68.5,21
68.5,24
68.5,23
68.5,22
69.5,10
69.5,11
69.5,12
69.5,13
69.5,14
69.5,15
69.5,16
69.5,17
69.5,18
69.5,19
69.5,20
69.5,21
69.5,22
69.5,24
69.5,23
71.5,10
72.5,10
73.5,10
74.5,10
70.5,10
70.5,11
70.5,12
70.5,13
70.5,14
70.5,15
70.5,16
70.5,17
70.5,18
70.5,19
70.5,20
70.5,21
70.5,22
70.5,24
70.5,23
71.5,11
71.5,12
71.5,13
71.5,14
71.5,15
71.5,16
71.5,17
71.5,18
71.5,19
71.5,20
71.5,21
71.5,22
71.5,23
71.5,24
73.5,11
74.5,11
72.5,11
72.5,12
72.5,13
72.5,14
72.5,15
72.5,16
72.5,17
72.5,18
72.5,19
72.5,20
72.5,21
72.5,22
72.5,23
72.5,24
73.5,12
73.5,13
73.5,14
73.5,15
73.5,16
73.5,17
73.5,18
73.5,19
73.5,20
73.5,21
73.5,22
73.5,23
73.5,24
74.5,12
74.5,13
74.5,14
74.5,15
74.5,16
74.5,17
74.5,18
74.5,19
74.5,20
74.5,21
74.5,22
74.5,23
74.5,24
75.5,0
85.5,0
84.5,0
83.5,0
82.5,0
81.5,0
80.5,0
79.5,0
78.5,0
77.5,0
76.5,0
77.5,1
85.5,1
84.5,1
83.5,1
82.5,1
81.5,1
80.5,1
79.5,1
78.5,1
79.5,2
85.5,2
84.5,2
83.5,2
82.5,2
81.5,2
80.5,2
81.5,3
85.5,3
84.5,3
83.5,3
82.5,3
83.5,4
85.5,4
84.5,4
85.5,5
85.5,24
85.5,23
85.5,22
85.5,21
85.5,20
85.5,19
85.5,18
85.5,17
85.5,16
85.5,15
85.5,14
85.5,13
85.5,12
85.5,11
85.5,10
85.5,9
85.5,8
85.5,7
85.5,6
84.5,24
84.5,23
84.5,22
84.5,21
84.5,20
84.5,19
84.5,18
84.5,17
84.5,16
84.5,15
84.5,14
84.5,13
84.5,12
84.5,11
84.5,10
84.5,9
84.5,8
84.5,7
84.5,6
84.5,5
83.5,24
83.5,23
83.5,22
83.5,21
83.5,20
83.5,19
83.5,18
83.5,17
83.5,16
83.5,15
83.5,14
83.5,13
83.5,12
83.5,11
83.5,10
83.5,9
83.5,8
83.5,7
83.5,6
83.5,5
82.5,24
82.5,23
82.5,22
82.5,21
82.5,20
82.5,19
82.5,18
82.5,17
82.5,16
82.5,15
82.5,14
82.5,13
82.5,12
82.5,11
82.5,10
82.5,9
82.5,8
82.5,7
82.5,6
82.5,5
82.5,4
81.5,24
81.5,23
81.5,22
81.5,21
81.5,20
81.5,19
81.5,18
81.5,17
81.5,16
81.5,15
81.5,14
81.5,13
81.5,12
81.5,11
81.5,10
81.5,9
81.5,8
81.5,7
81.5,6
81.5,5
81.5,4
80.5,24
80.5,23
80.5,22
80.5,21
80.5,20
80.5,19
80.5,18
80.5,17
80.5,16
80.5,15
80.5,14
80.5,13
80.5,12
80.5,11
80.5,10
80.5,9
80.5,8
80.5,7
80.5,6
80.5,5
80.5,4
80.5,3
79.5,24
79.5,23
79.5,22
79.5,21
79.5,20
79.5,19
79.5,18
79.5,17
79.5,16
79.5,15
79.5,14
79.5,13
79.5,12
79.5,11
79.5,10
79.5,9
79.5,8
79.5,7
79.5,6
79.5,5
79.5,4
79.5,3
78.5,24
78.5,23
78.5,22
78.5,21
78.5,20
78.5,19
78.5,18
78.5,17
78.5,16
78.5,15
78.5,14
78.5,13
78.5,12
78.5,11
78.5,10
78.5,9
78.5,8
78.5,7
78.5,6
78.5,5
78.5,4
78.5,3
78.5,2
77.5,24
77.5,23
77.5,22
77.5,21
77.5,20
77.5,19
77.5,18
77.5,17
77.5,16
77.5,15
77.5,14
77.5,13
77.5,12
77.5,11
77.5,10
77.5,9
77.5,8
77.5,7
77.5,6
77.5,5
77.5,4
77.5,3
77.5,2
76.5,24
76.5,23
76.5,22
76.5,21
76.5,20
76.5,19
76.5,18
76.5,17
76.5,16
76.5,15
76.5,14
76.5,13
76.5,12
76.5,11
76.5,10
76.5,9
76.5,8
76.5,7
76.5,6
76.5,5
76.5,4
76.5,3
76.5,2
76.5,1
75.5,24
75.5,23
75.5,22
75.5,21
75.5,20
75.5,19
75.5,18
75.5,17
75.5,16
75.5,15
75.5,14
75.5,13
75.5,12
75.5,11
75.5,10
75.5,9
75.5,8
75.5,7
75.5,6
75.5,5
75.5,4
75.5,3
75.5,2
75.5,1
74.5,25
73.5,25
72.5,25
71.5,25
70.5,25
69.5,25
68.5,25
67.5,25
66.5,25
65.5,25
64.5,25
63.5,25
62.5,25
76.5,25
77.5,25
78.5,25
79.5,25
80.5,25
81.5,25
82.5,25
83.5,25
84.5,25
85.5,25
75.5,25
62.5,94
62.5,95
62.5,96
62.5,97
62.5,98
62.5,99
62.5,93
62.5,92
62.5,91
62.5,90
62.5,89
62.5,88
62.5,87
62.5,86
62.5,85
62.5,84
62.5,83
62.5,82
63.5,95
63.5,96
63.5,97
63.5,98
63.5,99
63.5,94
63.5,93
63.5,92
63.5,91
63.5,90
63.5,89
63.5,88
63.5,87
63.5,86
63.5,85
63.5,84
63.5,83
63.5,82
64.5,82
64.5,95
64.5,96
64.5,97
64.5,98
64.5,99
64.5,94
64.5,93
64.5,92
64.5,91
64.5,90
64.5,89
64.5,88
64.5,87
64.5,86
64.5,85
64.5,84
64.5,83
65.5,96
65.5,97
65.5,98
65.5,99
65.5,95
65.5,94
65.5,93
65.5,92
65.5,91
65.5,90
65.5,89
65.5,88
65.5,87
65.5,86
65.5,85
65.5,84
65.5,83
66.5,83
66.5,96
66.5,97
66.5,98
66.5,99
66.5,95
66.5,94
66.5,93
66.5,92
66.5,91
66.5,90
66.5,89
66.5,88
66.5,87
66.5,86
66.5,85
66.5,84
67.5,97
67.5,98
67.5,99
67.5,96
67.5,95
67.5,94
67.5,93
67.5,92
67.5,91
67.5,90
67.5,89
67.5,88
67.5,87
67.5,86
67.5,85
67.5,84
68.5,84
68.5,97
68.5,98
68.5,99
68.5,96
68.5,95
68.5,94
68.5,93
68.5,92
68.5,91
68.5,90
68.5,89
68.5,88
68.5,87
68.5,86
68.5,85
69.5,98
69.5,99
69.5,97
69.5,96
69.5,95
69.5,94
69.5,93
69.5,92
69.5,91
69.5,90
69.5,89
69.5,88
69.5,87
69.5,86
69.5,85
70.5,85
70.5,98
70.5,99
70.5,97
70.5,96
70.5,95
70.5,94
70.5,93
70.5,92
70.5,91
70.5,90
70.5,89
70.5,88
70.5,87
70.5,86
71.5,99
71.5,98
71.5,97
71.5,96
71.5,95
71.5,94
71.5,93
71.5,92
71.5,91
71.5,90
71.5,89
71.5,88
71.5,87
71.5,86
72.5,86
72.5,99
72.5,98
72.5,97
72.5,96
72.5,95
72.5,94
72.5,93
72.5,92
72.5,91
72.5,90
72.5,89
72.5,88
72.5,87
73.5,99
73.5,98
73.5,97
73.5,96
73.5,95
73.5,94
73.5,93
73.5,92
73.5,91
73.5,90
73.5,89
73.5,88
73.5,87
74.5,87
74.5,99
74.5,98
74.5,97
74.5,96
74.5,95
74.5,94
74.5,93
74.5,92
74.5,91
74.5,90
74.5,89
74.5,88
74.5,86
73.5,86
74.5,85
73.5,85
72.5,85
71.5,85
74.5,84
73.5,84
72.5,84
71.5,84
70.5,84
69.5,84
74.5,83
73.5,83
72.5,83
71.5,83
70.5,83
69.5,83
68.5,83
67.5,83
74.5,82
73.5,82
72.5,82
71.5,82
70.5,82
69.5,82
68.5,82
67.5,82
66.5,82
65.5,82
85.5,82
85.5,83
85.5,84
85.5,85
85.5,86
85.5,87
85.5,88
85.5,89
85.5,90
85.5,91
85.5,92
85.5,93
85.5,94
85.5,95
85.5,96
85.5,97
85.5,98
85.5,99
84.5,82
84.5,83
84.5,84
84.5,85
84.5,86
84.5,87
84.5,88
84.5,89
84.5,90
84.5,91
84.5,93
84.5,94
84.5,95
84.5,96
84.5,97
84.5,98
84.5,99
84.5,92
83.5,82
83.5,83
83.5,84
83.5,85
83.5,86
83.5,87
83.5,88
83.5,89
83.5,90
83.5,91
83.5,92
83.5,93
83.5,94
83.5,95
83.5,96
83.5,97
83.5,98
83.5,99
82.5,82
82.5,83
82.5,84
82.5,85
82.5,86
82.5,87
82.5,88
82.5,89
82.5,90
82.5,92
82.5,93
82.5,94
82.5,95
82.5,96
82.5,97
82.5,98
82.5,99
82.5,91
81.5,82
81.5,83
81.5,84
81.5,85
81.5,86
81.5,87
81.5,88
81.5,89
81.5,90
81.5,91
81.5,92
81.5,93
81.5,94
81.5,95
81.5,96
81.5,97
81.5,98
81.5,99
80.5,82
80.5,83
80.5,84
80.5,85
80.5,86
80.5,87
80.5,88
80.5,89
80.5,91
80.5,92
80.5,93
80.5,94
80.5,95
80.5,96
80.5,97
80.5,98
80.5,99
80.5,90
79.5,82
79.5,83
79.5,84
79.5,85
79.5,86
79.5,87
79.5,88
79.5,89
79.5,90
79.5,91
79.5,92
79.5,93
79.5,94
79.5,95
79.5,96
79.5,97
79.5,98
79.5,99
78.5,82
78.5,83
78.5,84
78.5,85
78.5,86
78.5,87
78.5,88
78.5,90
78.5,91
78.5,92
78.5,93
78.5,94
78.5,95
78.5,96
78.5,97
78.5,98
78.5,99
78.5,89
77.5,82
77.5,83
77.5,84
77.5,85
77.5,86
77.5,87
77.5,88
77.5,89
77.5,90
77.5,91
77.5,92
77.5,93
77.5,94
77.5,95
77.5,96
77.5,97
77.5,98
77.5,99
76.5,82
76.5,83
76.5,84
76.5,85
76.5,86
76.5,87
76.5,89
76.5,90
76.5,91
76.5,92
76.5,93
76.5,94
76.5,95
76.5,96
76.5,97
76.5,98
76.5,99
76.5,88
75.5,82
75.5,83
75.5,84
75.5,85
75.5,86
75.5,87
75.5,88
75.5,89
75.5,90
75.5,91
75.5,92
75.5,93
75.5,94
75.5,95
75.5,96
75.5,97
75.5,98
75.5,99
