x coord,y coord
22.5,0
23.5,0
24.5,0
22.5,1
23.5,1
24.5,1
22.5,2
23.5,2
24.5,2
22.5,3
23.5,3
24.5,3
22.5,4
23.5,4
24.5,4
22.5,5
23.5,5
24.5,5
25.5,0
45.5,0
44.5,0
43.5,0
42.5,0
41.5,0
40.5,0
39.5,0
38.5,0
37.5,0
36.5,0
35.5,0
34.5,0
33.5,0
32.5,0
31.5,0
30.5,0
29.5,0
28.5,0
27.5,0
26.5,0
27.5,1
45.5,1
44.5,1
43.5,1
42.5,1
41.5,1
40.5,1
39.5,1
38.5,1
37.5,1
36.5,1
35.5,1
34.5,1
33.5,1
32.5,1
31.5,1
30.5,1
29.5,1
28.5,1
29.5,2
45.5,2
44.5,2
43.5,2
42.5,2
41.5,2
40.5,2
39.5,2
38.5,2
37.5,2
36.5,2
35.5,2
34.5,2
33.5,2
32.5,2
31.5,2
30.5,2
31.5,3
45.5,3
44.5,3
43.5,3
42.5,3
41.5,3
40.5,3
39.5,3
38.5,3
37.5,3
36.5,3
35.5,3
34.5,3
33.5,3
32.5,3
33.5,4
45.5,4
44.5,4
43.5,4
42.5,4
41.5,4
40.5,4
39.5,4
38.5,4
37.5,4
36.5,4
35.5,4
34.5,4
35.5,5
45.5,5
44.5,5
43.5,5
42.5,5
41.5,5
40.5,5
39.5,5
38.5,5
37.5,5
36.5,5
34.5,5
33.5,5
32.5,5
32.5,4
31.5,5
31.5,4
30.5,5
30.5,4
30.5,3
29.5,5
29.5,4
29.5,3
28.5,5
28.5,4
28.5,3
28.5,2
27.5,5
27.5,4
27.5,3
27.5,2
26.5,5
26.5,4
26.5,3
26.5,2
26.5,1
25.5,5
25.5,4
25.5,3
25.5,2
25.5,1
22.5,62
22.5,63
22.5,64
22.5,65
22.5,66
22.5,67
22.5,68
22.5,69
22.5,70
22.5,71
22.5,72
22.5,73
22.5,74
23.5,62
23.5,63
23.5,64
23.5,65
23.5,66
23.5,67
23.5,68
23.5,69
23.5,70
23.5,71
23.5,72
23.5,73
23.5,74
24.5,62
24.5,63
24.5,64
24.5,65
24.5,66
24.5,67
24.5,68
24.5,69
24.5,70
24.5,71
24.5,72
24.5,73
24.5,74
45.5,74
45.5,73
45.5,72
45.5,71
45.5,70
45.5,69
45.5,68
45.5,67
45.5,66
45.5,65
45.5,64
45.5,63
45.5,62
44.5,74
44.5,73
44.5,72
44.5,71
44.5,70
44.5,69
44.5,68
44.5,67
44.5,66
44.5,65
44.5,64
44.5,63
44.5,62
43.5,74
43.5,73
43.5,72
43.5,71
43.5,70
43.5,69
43.5,68
43.5,67
43.5,66
43.5,65
43.5,64
43.5,63
43.5,62
42.5,74
42.5,73
42.5,72
42.5,71
42.5,70
42.5,69
42.5,68
42.5,67
42.5,66
42.5,65
42.5,64
42.5,63
42.5,62
41.5,74
41.5,73
41.5,72
41.5,71
41.5,70
41.5,69
41.5,68
41.5,67
41.5,66
41.5,65
41.5,64
41.5,63
41.5,62
40.5,74
40.5,73
40.5,72
40.5,71
40.5,70
40.5,69
40.5,68
40.5,67
40.5,66
40.5,65
40.5,64
40.5,63
40.5,62
39.5,74
39.5,73
39.5,72
39.5,71
39.5,70
39.5,69
39.5,68
39.5,67
39.5,66
39.5,65
39.5,64
39.5,63
39.5,62
38.5,74
38.5,73
38.5,72
38.5,71
38.5,70
38.5,69
38.5,68
38.5,67
38.5,66
38.5,65
38.5,64
38.5,63
38.5,62
37.5,74
37.5,73
37.5,72
37.5,71
37.5,70
37.5,69
37.5,68
37.5,67
37.5,66
37.5,65
37.5,64
37.5,63
37.5,62
36.5,74
36.5,73
36.5,72
36.5,71
36.5,70
36.5,69
36.5,68
36.5,67
36.5,66
36.5,65
36.5,64
36.5,63
36.5,62
35.5,74
35.5,73
35.5,72
35.5,71
35.5,70
35.5,69
35.5,68
35.5,67
35.5,66
35.5,65
35.5,64
35.5,63
35.5,62
34.5,74
34.5,73
34.5,72
34.5,71
34.5,70
34.5,69
34.5,68
34.5,67
34.5,66
34.5,65
34.5,64
34.5,63
34.5,62
33.5,74
33.5,73
33.5,72
33.5,71
33.5,70
33.5,69
33.5,68
33.5,67
33.5,66
33.5,65
33.5,64
33.5,63
33.5,62
32.5,74
32.5,73
32.5,72
32.5,71
32.5,70
32.5,69
32.5,68
32.5,67
32.5,66
32.5,65
32.5,64
32.5,63
32.5,62
31.5,74
31.5,73
31.5,72
31.5,71
31.5,70
31.5,69
31.5,68
31.5,67
31.5,66
31.5,65
31.5,64
31.5,63
31.5,62
30.5,74
30.5,73
30.5,72
30.5,71
30.5,70
30.5,69
30.5,68
30.5,67
30.5,66
30.5,65
30.5,64
30.5,63
30.5,62
29.5,74
29.5,73
29.5,72
29.5,71
29.5,70
29.5,69
29.5,68
29.5,67
29.5,66
29.5,65
29.5,64
29.5,63
29.5,62
28.5,74
28.5,73
28.5,72
28.5,71
28.5,70
28.5,69
28.5,68
28.5,67
28.5,66
28.5,65
28.5,64
28.5,63
28.5,62
27.5,74
27.5,73
27.5,72
27.5,71
27.5,70
27.5,69
27.5,68
27.5,67
27.5,66
27.5,65
27.5,64
27.5,63
27.5,62
26.5,74
26.5,73
26.5,72
26.5,71
26.5,70
26.5,69
26.5,68
26.5,67
26.5,66
26.5,65
26.5,64
26.5,63
26.5,62
25.5,74
25.5,73
25.5,72
25.5,71
25.5,70
25.5,69
25.5,68
25.5,67
25.5,66
25.5,65
25.5,64
25.5,63
25.5,62
22.5,86
22.5,99
22.5,98
22.5,97
22.5,96
22.5,95
22.5,94
22.5,93
22.5,92
22.5,91
22.5,90
22.5,89
22.5,88
22.5,87
23.5,99
23.5,98
23.5,97
23.5,96
23.5,95
23.5,94
23.5,93
23.5,92
23.5,91
23.5,90
23.5,89
23.5,88
23.5,87
24.5,87
24.5,99
24.5,98
24.5,97
24.5,96
24.5,95
24.5,94
24.5,93
24.5,92
24.5,91
24.5,90
24.5,89
24.5,88
24.5,86
23.5,86
24.5,85
23.5,85
22.5,85
24.5,84
23.5,84
22.5,84
24.5,83
23.5,83
22.5,83
24.5,82
23.5,82
22.5,82
24.5,81
23.5,81
22.5,81
24.5,80
23.5,80
22.5,80
24.5,79
23.5,79
22.5,79
24.5,78
23.5,78
22.5,78
24.5,77
23.5,77
22.5,77
24.5,76
23.5,76
22.5,76
24.5,75
23.5,75
22.5,75
45.5,86
45.5,87
45.5,88
45.5,89
45.5,90
45.5,91
45.5,92
45.5,93
45.5,94
45.5,95
45.5,96
45.5,97
45.5,98
45.5,99
45.5,85
44.5,85
44.5,86
44.5,87
44.5,88
44.5,89
44.5,90
44.5,91
44.5,92
44.5,93
44.5,94
44.5,95
44.5,96
44.5,98
44.5,99
44.5,97
43.5,85
43.5,86
43.5,87
43.5,88
43.5,89
43.5,90
43.5,91
43.5,92
43.5,93
43.5,94
43.5,95
43.5,96
43.5,97
43.5,98
43.5,99
44.5,84
45.5,84
43.5,84
42.5,84
42.5,85
42.5,86
42.5,87
42.5,88
42.5,89
42.5,90
42.5,91
42.5,92
42.5,93
42.5,94
42.5,95
42.5,97
42.5,98
42.5,99
42.5,96
41.5,84
41.5,85
41.5,86
41.5,87
41.5,88
41.5,89
41.5,90
41.5,91
41.5,92
41.5,93
41.5,94
41.5,95
41.5,96
41.5,97
41.5,98
41.5,99
42.5,83
43.5,83
44.5,83
45.5,83
41.5,83
40.5,83
40.5,84
40.5,85
40.5,86
40.5,87
40.5,88
40.5,89
40.5,90
40.5,91
40.5,92
40.5,93
40.5,94
40.5,96
40.5,97
40.5,98
40.5,99
40.5,95
39.5,83
39.5,84
39.5,85
39.5,86
39.5,87
39.5,88
39.5,89
39.5,90
39.5,91
39.5,92
39.5,93
39.5,94
39.5,95
39.5,96
39.5,97
39.5,98
39.5,99
40.5,82
41.5,82
42.5,82
43.5,82
44.5,82
45.5,82
39.5,82
38.5,82
38.5,83
38.5,84
38.5,85
38.5,86
38.5,87
38.5,88
38.5,89
38.5,90
38.5,91
38.5,92
38.5,93
38.5,95
38.5,96
38.5,97
38.5,98
38.5,99
38.5,94
37.5,82
37.5,83
37.5,84
37.5,85
37.5,86
37.5,87
37.5,88
37.5,89
37.5,90
37.5,91
37.5,92
37.5,93
37.5,94
37.5,95
37.5,96
37.5,97
37.5,98
37.5,99
38.5,81
39.5,81
40.5,81
41.5,81
42.5,81
43.5,81
44.5,81
45.5,81
37.5,81
36.5,81
36.5,82
36.5,83
36.5,84
36.5,85
36.5,86
36.5,87
36.5,88
36.5,89
36.5,90
36.5,91
36.5,92
36.5,94
36.5,95
36.5,96
36.5,97
36.5,98
36.5,99
36.5,93
35.5,81
35.5,82
35.5,83
35.5,84
35.5,85
35.5,86
35.5,87
35.5,88
35.5,89
35.5,90
35.5,91
35.5,92
35.5,93
35.5,94
35.5,95
35.5,96
35.5,97
35.5,98
35.5,99
36.5,80
37.5,80
38.5,80
39.5,80
40.5,80
41.5,80
42.5,80
43.5,80
44.5,80
45.5,80
35.5,80
34.5,80
34.5,81
34.5,82
34.5,83
34.5,84
34.5,85
34.5,86
34.5,87
34.5,88
34.5,89
34.5,90
34.5,91
34.5,93
34.5,94
34.5,95
34.5,96
34.5,97
34.5,98
34.5,99
34.5,92
33.5,80
33.5,81
33.5,82
33.5,83
33.5,84
33.5,85
33.5,86
33.5,87
33.5,88
33.5,89
33.5,90
33.5,91
33.5,92
33.5,93
33.5,94
33.5,95
33.5,96
33.5,97
33.5,98
33.5,99
34.5,79
35.5,79
36.5,79
37.5,79
38.5,79
39.5,79
40.5,79
41.5,79
42.5,79
43.5,79
44.5,79
45.5,79
33.5,79
32.5,79
32.5,80
32.5,81
32.5,82
32.5,83
32.5,84
32.5,85
32.5,86
32.5,87
32.5,88
32.5,89
32.5,90
32.5,92
32.5,93
32.5,94
32.5,95
32.5,96
32.5,97
32.5,98
32.5,99
32.5,91
31.5,79
31.5,80
31.5,81
31.5,82
31.5,83
31.5,84
31.5,85
31.5,86
31.5,87
31.5,88
31.5,89
31.5,90
31.5,91
31.5,92
31.5,93
31.5,94
31.5,95
31.5,96
31.5,97
31.5,98
31.5,99
32.5,78
33.5,78
34.5,78
35.5,78
36.5,78
37.5,78
38.5,78
39.5,78
40.5,78
41.5,78
42.5,78
43.5,78
44.5,78
45.5,78
31.5,78
30.5,78
30.5,79
30.5,80
30.5,81
30.5,82
30.5,83
30.5,84
30.5,85
30.5,86
30.5,87
30.5,88
30.5,89
30.5,91
30.5,92
30.5,93
30.5,94
30.5,95
30.5,96
30.5,97
30.5,98
30.5,99
30.5,90
29.5,78
29.5,79
29.5,80
29.5,81
29.5,82
29.5,83
29.5,84
29.5,85
29.5,86
29.5,87
29.5,88
29.5,89
29.5,90
29.5,91
29.5,92
29.5,93
29.5,94
29.5,95
29.5,96
29.5,97
29.5,98
29.5,99
30.5,77
31.5,77
32.5,77
33.5,77
34.5,77
35.5,77
36.5,77
37.5,77
38.5,77
39.5,77
40.5,77
41.5,77
42.5,77
43.5,77
44.5,77
45.5,77
29.5,77
28.5,77
28.5,78
28.5,79
28.5,80
28.5,81
28.5,82
28.5,83
28.5,84
28.5,85
28.5,86
28.5,87
28.5,88
28.5,90
28.5,91
28.5,92
28.5,93
28.5,94
28.5,95
28.5,96
28.5,97
28.5,98
28.5,99
28.5,89
27.5,77
27.5,78
27.5,79
27.5,80
27.5,81
27.5,82
27.5,83
27.5,84
27.5,85
27.5,86
27.5,87
27.5,88
27.5,89
27.5,90
27.5,91
27.5,92
27.5,93
27.5,94
27.5,95
27.5,96
27.5,97
27.5,98
27.5,99
28.5,76
29.5,76
30.5,76
31.5,76
32.5,76
33.5,76
34.5,76
35.5,76
36.5,76
37.5,76
38.5,76
39.5,76
40.5,76
41.5,76
42.5,76
43.5,76
44.5,76
45.5,76
27.5,76
26.5,76
26.5,77
26.5,78
26.5,79
26.5,80
26.5,81
26.5,82
26.5,83
26.5,84
26.5,85
26.5,86
26.5,87
26.5,89
26.5,90
26.5,91
26.5,92
26.5,93
26.5,94
26.5,95
26.5,96
26.5,97
26.5,98
26.5,99
26.5,88
25.5,76
25.5,77
25.5,78
25.5,79
25.5,80
25.5,81
25.5,82
25.5,83
25.5,84
25.5,85
25.5,86
25.5,87
25.5,88
25.5,89
25.5,90
25.5,91
25.5,92
25.5,93
25.5,94
25.5,95
25.5,96
25.5,97
25.5,98
25.5,99
26.5,75
27.5,75
28.5,75
29.5,75
30.5,75
31.5,75
32.5,75
33.5,75
34.5,75
35.5,75
36.5,75
37.5,75
38.5,75
39.5,75
40.5,75
41.5,75
42.5,75
43.5,75
44.5,75
45.5,75
25.5,75
