x coord,y coord
0.5,0.5
0.5,1.5
0.5,2.5
0.5,3.5
0.5,4.5
0.5,5.5
0.5,6.5
0.5,7.5
0.5,8.5
0.5,9.5
0.5,10.5
0.5,11.5
0.5,12.5
0.5,24.5
0.5,23.5
0.5,22.5
0.5,21.5
0.5,20.5
0.5,19.5
0.5,18.5
0.5,17.5
0.5,16.5
0.5,15.5
0.5,14.5
0.5,13.5
0.5,32.5
0.5,31.5
0.5,30.5
0.5,29.5
0.5,28.5
0.5,27.5
0.5,26.5
0.5,25.5
99.5,0.5
98.5,0.5
97.5,0.5
96.5,0.5
95.5,0.5
94.5,0.5
93.5,0.5
92.5,0.5
91.5,0.5
90.5,0.5
89.5,0.5
88.5,0.5
87.5,0.5
86.5,0.5
85.5,0.5
84.5,0.5
83.5,0.5
82.5,0.5
81.5,0.5
80.5,0.5
79.5,0.5
78.5,0.5
77.5,0.5
78.5,1.5
99.5,1.5
98.5,1.5
97.5,1.5
96.5,1.5
95.5,1.5
94.5,1.5
93.5,1.5
92.5,1.5
91.5,1.5
90.5,1.5
89.5,1.5
88.5,1.5
87.5,1.5
86.5,1.5
85.5,1.5
84.5,1.5
83.5,1.5
82.5,1.5
81.5,1.5
80.5,1.5
79.5,1.5
80.5,2.5
99.5,2.5
98.5,2.5
97.5,2.5
96.5,2.5
95.5,2.5
94.5,2.5
93.5,2.5
92.5,2.5
91.5,2.5
90.5,2.5
89.5,2.5
88.5,2.5
87.5,2.5
86.5,2.5
85.5,2.5
84.5,2.5
83.5,2.5
82.5,2.5
81.5,2.5
82.5,3.5
99.5,3.5
98.5,3.5
97.5,3.5
96.5,3.5
95.5,3.5
94.5,3.5
93.5,3.5
92.5,3.5
91.5,3.5
90.5,3.5
89.5,3.5
88.5,3.5
87.5,3.5
86.5,3.5
85.5,3.5
84.5,3.5
83.5,3.5
84.5,4.5
99.5,4.5
98.5,4.5
97.5,4.5
96.5,4.5
95.5,4.5
94.5,4.5
93.5,4.5
92.5,4.5
91.5,4.5
90.5,4.5
89.5,4.5
88.5,4.5
87.5,4.5
86.5,4.5
85.5,4.5
86.5,5.5
99.5,5.5
98.5,5.5
97.5,5.5
96.5,5.5
95.5,5.5
94.5,5.5
93.5,5.5
92.5,5.5
91.5,5.5
90.5,5.5
89.5,5.5
88.5,5.5
87.5,5.5
88.5,6.5
99.5,6.5
98.5,6.5
97.5,6.5
96.5,6.5
95.5,6.5
94.5,6.5
93.5,6.5
92.5,6.5
91.5,6.5
90.5,6.5
89.5,6.5
90.5,7.5
99.5,7.5
98.5,7.5
97.5,7.5
96.5,7.5
95.5,7.5
94.5,7.5
93.5,7.5
92.5,7.5
91.5,7.5
92.5,8.5
99.5,8.5
98.5,8.5
97.5,8.5
96.5,8.5
95.5,8.5
94.5,8.5
93.5,8.5
94.5,9.5
99.5,9.5
98.5,9.5
97.5,9.5
96.5,9.5
95.5,9.5
96.5,10.5
99.5,10.5
98.5,10.5
97.5,10.5
98.5,11.5
99.5,11.5
99.5,24.5
99.5,23.5
99.5,22.5
99.5,21.5
99.5,20.5
99.5,19.5
99.5,18.5
99.5,17.5
99.5,16.5
99.5,15.5
99.5,14.5
99.5,13.5
99.5,12.5
98.5,24.5
98.5,23.5
98.5,22.5
98.5,21.5
98.5,20.5
98.5,19.5
98.5,18.5
98.5,17.5
98.5,16.5
98.5,15.5
98.5,14.5
98.5,13.5
98.5,12.5
97.5,24.5
97.5,23.5
97.5,22.5
97.5,21.5
97.5,20.5
97.5,19.5
97.5,18.5
97.5,17.5
97.5,16.5
97.5,15.5
97.5,14.5
97.5,13.5
97.5,12.5
97.5,11.5
96.5,24.5
96.5,23.5
96.5,22.5
96.5,21.5
96.5,20.5
96.5,19.5
96.5,18.5
96.5,17.5
96.5,16.5
96.5,15.5
96.5,14.5
96.5,13.5
96.5,12.5
96.5,11.5
95.5,24.5
95.5,23.5
95.5,22.5
95.5,21.5
95.5,20.5
95.5,19.5
95.5,18.5
95.5,17.5
95.5,16.5
95.5,15.5
95.5,14.5
95.5,13.5
95.5,12.5
95.5,11.5
95.5,10.5
94.5,24.5
94.5,23.5
94.5,22.5
94.5,21.5
94.5,20.5
94.5,19.5
94.5,18.5
94.5,17.5
94.5,16.5
94.5,15.5
94.5,14.5
94.5,13.5
94.5,12.5
94.5,11.5
94.5,10.5
93.5,24.5
93.5,23.5
93.5,22.5
93.5,21.5
93.5,20.5
93.5,19.5
93.5,18.5
93.5,17.5
93.5,16.5
93.5,15.5
93.5,14.5
93.5,13.5
93.5,12.5
93.5,11.5
93.5,10.5
93.5,9.5
92.5,24.5
92.5,23.5
92.5,22.5
92.5,21.5
92.5,20.5
92.5,19.5
92.5,18.5
92.5,17.5
92.5,16.5
92.5,15.5
92.5,14.5
92.5,13.5
92.5,12.5
92.5,11.5
92.5,10.5
92.5,9.5
91.5,24.5
91.5,23.5
91.5,22.5
91.5,21.5
91.5,20.5
91.5,19.5
91.5,18.5
91.5,17.5
91.5,16.5
91.5,15.5
91.5,14.5
91.5,13.5
91.5,12.5
91.5,11.5
91.5,10.5
91.5,9.5
91.5,8.5
90.5,24.5
90.5,23.5
90.5,22.5
90.5,21.5
90.5,20.5
90.5,19.5
90.5,18.5
90.5,17.5
90.5,16.5
90.5,15.5
90.5,14.5
90.5,13.5
90.5,12.5
90.5,11.5
90.5,10.5
90.5,9.5
90.5,8.5
89.5,24.5
89.5,23.5
89.5,22.5
89.5,21.5
89.5,20.5
89.5,19.5
89.5,18.5
89.5,17.5
89.5,16.5
89.5,15.5
89.5,14.5
89.5,13.5
89.5,12.5
89.5,11.5
89.5,10.5
89.5,9.5
89.5,8.5
89.5,7.5
88.5,24.5
88.5,23.5
88.5,22.5
88.5,21.5
88.5,20.5
88.5,19.5
88.5,18.5
88.5,17.5
88.5,16.5
88.5,15.5
88.5,14.5
88.5,13.5
88.5,12.5
88.5,11.5
88.5,10.5
88.5,9.5
88.5,8.5
88.5,7.5
87.5,24.5
87.5,23.5
87.5,22.5
87.5,21.5
87.5,20.5
87.5,19.5
87.5,18.5
87.5,17.5
87.5,16.5
87.5,15.5
87.5,14.5
87.5,13.5
87.5,12.5
87.5,11.5
87.5,10.5
87.5,9.5
87.5,8.5
87.5,7.5
87.5,6.5
86.5,24.5
86.5,23.5
86.5,22.5
86.5,21.5
86.5,20.5
86.5,19.5
86.5,18.5
86.5,17.5
86.5,16.5
86.5,15.5
86.5,14.5
86.5,13.5
86.5,12.5
86.5,11.5
86.5,10.5
86.5,9.5
86.5,8.5
86.5,7.5
86.5,6.5
85.5,24.5
85.5,23.5
85.5,22.5
85.5,21.5
85.5,20.5
85.5,19.5
85.5,18.5
85.5,17.5
85.5,16.5
85.5,15.5
85.5,14.5
85.5,13.5
85.5,12.5
85.5,11.5
85.5,10.5
85.5,9.5
85.5,8.5
85.5,7.5
85.5,6.5
85.5,5.5
84.5,24.5
84.5,23.5
84.5,22.5
84.5,21.5
84.5,20.5
84.5,19.5
84.5,18.5
84.5,17.5
84.5,16.5
84.5,15.5
84.5,14.5
84.5,13.5
84.5,12.5
84.5,11.5
84.5,10.5
84.5,9.5
84.5,8.5
84.5,7.5
84.5,6.5
84.5,5.5
83.5,24.5
83.5,23.5
83.5,22.5
83.5,21.5
83.5,20.5
83.5,19.5
83.5,18.5
83.5,17.5
83.5,16.5
83.5,15.5
83.5,14.5
83.5,13.5
83.5,12.5
83.5,11.5
83.5,10.5
83.5,9.5
83.5,8.5
83.5,7.5
83.5,6.5
83.5,5.5
83.5,4.5
82.5,24.5
82.5,23.5
82.5,22.5
82.5,21.5
82.5,20.5
82.5,19.5
82.5,18.5
82.5,17.5
82.5,16.5
82.5,15.5
82.5,14.5
82.5,13.5
82.5,12.5
82.5,11.5
82.5,10.5
82.5,9.5
82.5,8.5
82.5,7.5
82.5,6.5
82.5,5.5
82.5,4.5
81.5,24.5
81.5,23.5
81.5,22.5
81.5,21.5
81.5,20.5
81.5,19.5
81.5,18.5
81.5,17.5
81.5,16.5
81.5,15.5
81.5,14.5
81.5,13.5
81.5,12.5
81.5,11.5
81.5,10.5
81.5,9.5
81.5,8.5
81.5,7.5
81.5,6.5
81.5,5.5
81.5,4.5
81.5,3.5
80.5,24.5
80.5,23.5
80.5,22.5
80.5,21.5
80.5,20.5
80.5,19.5
80.5,18.5
80.5,17.5
80.5,16.5
80.5,15.5
80.5,14.5
80.5,13.5
80.5,12.5
80.5,11.5
80.5,10.5
80.5,9.5
80.5,8.5
80.5,7.5
80.5,6.5
80.5,5.5
80.5,4.5
80.5,3.5
79.5,24.5
79.5,23.5
79.5,22.5
79.5,21.5
79.5,20.5
79.5,19.5
79.5,18.5
79.5,17.5
79.5,16.5
79.5,15.5
79.5,14.5
79.5,13.5
79.5,12.5
79.5,11.5
79.5,10.5
79.5,9.5
79.5,8.5
79.5,7.5
79.5,6.5
79.5,5.5
79.5,4.5
79.5,3.5
79.5,2.5
78.5,24.5
78.5,23.5
78.5,22.5
78.5,21.5
78.5,20.5
78.5,19.5
78.5,18.5
78.5,17.5
78.5,16.5
78.5,15.5
78.5,14.5
78.5,13.5
78.5,12.5
78.5,11.5
78.5,10.5
78.5,9.5
78.5,8.5
78.5,7.5
78.5,6.5
78.5,5.5
78.5,4.5
78.5,3.5
78.5,2.5
77.5,24.5
77.5,23.5
77.5,22.5
77.5,21.5
77.5,20.5
77.5,19.5
77.5,18.5
77.5,17.5
77.5,16.5
77.5,15.5
77.5,14.5
77.5,13.5
77.5,12.5
77.5,11.5
77.5,10.5
77.5,9.5
77.5,8.5
77.5,7.5
77.5,6.5
77.5,5.5
77.5,4.5
77.5,3.5
77.5,2.5
77.5,1.5
91.5,32.5
92.5,32.5
93.5,32.5
94.5,32.5
95.5,32.5
96.5,32.5
97.5,32.5
98.5,32.5
99.5,32.5
90.5,32.5
89.5,32.5
88.5,32.5
89.5,31.5
90.5,31.5
91.5,31.5
92.5,31.5
93.5,31.5
94.5,31.5
95.5,31.5
96.5,31.5
97.5,31.5
98.5,31.5
99.5,31.5
88.5,31.5
87.5,31.5
87.5,32.5
86.5,31.5
86.5,32.5
87.5,30.5
88.5,30.5
89.5,30.5
90.5,30.5
91.5,30.5
92.5,30.5
93.5,30.5
94.5,30.5
95.5,30.5
96.5,30.5
97.5,30.5
98.5,30.5
99.5,30.5
86.5,30.5
85.5,30.5
85.5,31.5
85.5,32.5
84.5,30.5
84.5,31.5
84.5,32.5
85.5,29.5
86.5,29.5
87.5,29.5
88.5,29.5
89.5,29.5
90.5,29.5
91.5,29.5
92.5,29.5
93.5,29.5
94.5,29.5
95.5,29.5
96.5,29.5
97.5,29.5
98.5,29.5
99.5,29.5
84.5,29.5
83.5,29.5
83.5,30.5
83.5,31.5
83.5,32.5
82.5,29.5
82.5,30.5
82.5,31.5
82.5,32.5
83.5,28.5
84.5,28.5
85.5,28.5
86.5,28.5
87.5,28.5
88.5,28.5
89.5,28.5
90.5,28.5
91.5,28.5
92.5,28.5
93.5,28.5
94.5,28.5
95.5,28.5
96.5,28.5
97.5,28.5
98.5,28.5
99.5,28.5
82.5,28.5
81.5,28.5
81.5,29.5
81.5,30.5
81.5,31.5
81.5,32.5
80.5,28.5
80.5,29.5
80.5,30.5
80.5,31.5
80.5,32.5
81.5,27.5
82.5,27.5
83.5,27.5
84.5,27.5
85.5,27.5
86.5,27.5
87.5,27.5
88.5,27.5
89.5,27.5
90.5,27.5
91.5,27.5
92.5,27.5
93.5,27.5
94.5,27.5
95.5,27.5
96.5,27.5
97.5,27.5
98.5,27.5
99.5,27.5
80.5,27.5
79.5,27.5
79.5,28.5
79.5,29.5
79.5,30.5
79.5,31.5
79.5,32.5
78.5,27.5
78.5,28.5
78.5,29.5
78.5,30.5
78.5,31.5
78.5,32.5
79.5,26.5
80.5,26.5
81.5,26.5
82.5,26.5
83.5,26.5
84.5,26.5
85.5,26.5
86.5,26.5
87.5,26.5
88.5,26.5
89.5,26.5
90.5,26.5
91.5,26.5
92.5,26.5
93.5,26.5
94.5,26.5
95.5,26.5
96.5,26.5
97.5,26.5
98.5,26.5
99.5,26.5
78.5,26.5
77.5,26.5
77.5,27.5
77.5,28.5
77.5,29.5
77.5,30.5
77.5,31.5
77.5,32.5
77.5,25.5
78.5,25.5
79.5,25.5
80.5,25.5
81.5,25.5
82.5,25.5
83.5,25.5
84.5,25.5
85.5,25.5
86.5,25.5
87.5,25.5
88.5,25.5
89.5,25.5
90.5,25.5
91.5,25.5
92.5,25.5
93.5,25.5
94.5,25.5
95.5,25.5
96.5,25.5
97.5,25.5
98.5,25.5
99.5,25.5
0.5,89.5
0.5,90.5
0.5,91.5
0.5,92.5
0.5,93.5
0.5,94.5
0.5,95.5
0.5,96.5
0.5,97.5
0.5,98.5
0.5,99.5
99.5,89.5
99.5,90.5
99.5,91.5
99.5,92.5
99.5,93.5
99.5,94.5
99.5,95.5
99.5,96.5
99.5,97.5
99.5,98.5
99.5,99.5
98.5,89.5
98.5,90.5
98.5,91.5
98.5,92.5
98.5,93.5
98.5,94.5
98.5,95.5
98.5,96.5
98.5,97.5
98.5,98.5
98.5,99.5
97.5,89.5
97.5,90.5
97.5,91.5
97.5,92.5
97.5,93.5
97.5,94.5
97.5,95.5
97.5,96.5
97.5,97.5
97.5,99.5
97.5,98.5
96.5,89.5
96.5,90.5
96.5,91.5
96.5,92.5
96.5,93.5
96.5,94.5
96.5,95.5
96.5,96.5
96.5,97.5
96.5,98.5
96.5,99.5
95.5,89.5
95.5,90.5
95.5,91.5
95.5,92.5
95.5,93.5
95.5,94.5
95.5,95.5
95.5,96.5
95.5,98.5
95.5,99.5
95.5,97.5
94.5,89.5
94.5,90.5
94.5,91.5
94.5,92.5
94.5,93.5
94.5,94.5
94.5,95.5
94.5,96.5
94.5,97.5
94.5,98.5
94.5,99.5
93.5,89.5
93.5,90.5
93.5,91.5
93.5,92.5
93.5,93.5
93.5,94.5
93.5,95.5
93.5,97.5
93.5,98.5
93.5,99.5
93.5,96.5
92.5,89.5
92.5,90.5
92.5,91.5
92.5,92.5
92.5,93.5
92.5,94.5
92.5,95.5
92.5,96.5
92.5,97.5
92.5,98.5
92.5,99.5
91.5,89.5
91.5,90.5
91.5,91.5
91.5,92.5
91.5,93.5
91.5,94.5
91.5,96.5
91.5,97.5
91.5,98.5
91.5,99.5
91.5,95.5
90.5,89.5
90.5,90.5
90.5,91.5
90.5,92.5
90.5,93.5
90.5,94.5
90.5,95.5
90.5,96.5
90.5,97.5
90.5,98.5
90.5,99.5
89.5,89.5
89.5,90.5
89.5,91.5
89.5,92.5
89.5,93.5
89.5,95.5
89.5,96.5
89.5,97.5
89.5,98.5
89.5,99.5
89.5,94.5
88.5,89.5
88.5,90.5
88.5,91.5
88.5,92.5
88.5,93.5
88.5,94.5
88.5,95.5
88.5,96.5
88.5,97.5
88.5,98.5
88.5,99.5
87.5,89.5
87.5,90.5
87.5,91.5
87.5,92.5
87.5,94.5
87.5,95.5
87.5,96.5
87.5,97.5
87.5,98.5
87.5,99.5
87.5,93.5
86.5,89.5
86.5,90.5
86.5,91.5
86.5,92.5
86.5,93.5
86.5,94.5
86.5,95.5
86.5,96.5
86.5,97.5
86.5,98.5
86.5,99.5
85.5,89.5
85.5,90.5
85.5,91.5
85.5,93.5
85.5,94.5
85.5,95.5
85.5,96.5
85.5,97.5
85.5,98.5
85.5,99.5
85.5,92.5
84.5,89.5
84.5,90.5
84.5,91.5
84.5,92.5
84.5,93.5
84.5,94.5
84.5,95.5
84.5,96.5
84.5,97.5
84.5,98.5
84.5,99.5
83.5,89.5
83.5,90.5
83.5,92.5
83.5,93.5
83.5,94.5
83.5,95.5
83.5,96.5
83.5,97.5
83.5,98.5
83.5,99.5
83.5,91.5
82.5,89.5
82.5,90.5
82.5,91.5
82.5,92.5
82.5,93.5
82.5,94.5
82.5,95.5
82.5,96.5
82.5,97.5
82.5,98.5
82.5,99.5
81.5,89.5
81.5,91.5
81.5,92.5
81.5,93.5
81.5,94.5
81.5,95.5
81.5,96.5
81.5,97.5
81.5,98.5
81.5,99.5
81.5,90.5
80.5,89.5
80.5,90.5
80.5,91.5
80.5,92.5
80.5,93.5
80.5,94.5
80.5,95.5
80.5,96.5
80.5,97.5
80.5,98.5
80.5,99.5
79.5,90.5
79.5,91.5
79.5,92.5
79.5,93.5
79.5,94.5
79.5,95.5
79.5,96.5
79.5,97.5
79.5,98.5
79.5,99.5
79.5,89.5
78.5,89.5
78.5,90.5
78.5,91.5
78.5,92.5
78.5,93.5
78.5,94.5
78.5,95.5
78.5,96.5
78.5,97.5
78.5,98.5
78.5,99.5
77.5,89.5
77.5,90.5
77.5,91.5
77.5,92.5
77.5,93.5
77.5,94.5
77.5,95.5
77.5,96.5
77.5,97.5
77.5,98.5
77.5,99.5
