x coord,y coord
72.5,0
73.5,0
74.5,0
72.5,1
73.5,1
74.5,1
72.5,2
73.5,2
74.5,2
72.5,3
73.5,3
74.5,3
72.5,4
73.5,4
74.5,4
72.5,5
73.5,5
74.5,5
72.5,6
73.5,6
74.5,6
72.5,7
73.5,7
74.5,7
72.5,8
73.5,8
74.5,8
72.5,9
73.5,9
74.5,9
72.5,10
73.5,10
74.5,10
73.5,11
74.5,11
72.5,11
72.5,12
72.5,13
72.5,14
72.5,15
72.5,16
72.5,17
72.5,18
72.5,19
72.5,20
72.5,21
72.5,22
72.5,23
72.5,24
73.5,12
73.5,13
73.5,14
73.5,15
73.5,16
73.5,17
73.5,18
73.5,19
73.5,20
73.5,21
73.5,22
73.5,23
73.5,24
74.5,12
74.5,13
74.5,14
74.5,15
74.5,16
74.5,17
74.5,18
74.5,19
74.5,20
74.5,21
74.5,22
74.5,23
74.5,24
75.5,0
95.5,0
94.5,0
93.5,0
92.5,0
91.5,0
90.5,0
89.5,0
88.5,0
87.5,0
86.5,0
85.5,0
84.5,0
83.5,0
82.5,0
81.5,0
80.5,0
79.5,0
78.5,0
77.5,0
76.5,0
77.5,1
95.5,1
94.5,1
93.5,1
92.5,1
91.5,1
90.5,1
89.5,1
88.5,1
87.5,1
86.5,1
85.5,1
84.5,1
83.5,1
82.5,1
81.5,1
80.5,1
79.5,1
78.5,1
79.5,2
95.5,2
94.5,2
93.5,2
92.5,2
91.5,2
90.5,2
89.5,2
88.5,2
87.5,2
86.5,2
85.5,2
84.5,2
83.5,2
82.5,2
81.5,2
80.5,2
81.5,3
95.5,3
94.5,3
93.5,3
92.5,3
91.5,3
90.5,3
89.5,3
88.5,3
87.5,3
86.5,3
85.5,3
84.5,3
83.5,3
82.5,3
83.5,4
95.5,4
94.5,4
93.5,4
92.5,4
91.5,4
90.5,4
89.5,4
88.5,4
87.5,4
86.5,4
85.5,4
84.5,4
85.5,5
95.5,5
94.5,5
93.5,5
92.5,5
91.5,5
90.5,5
89.5,5
88.5,5
87.5,5
86.5,5
87.5,6
95.5,6
94.5,6
93.5,6
92.5,6
91.5,6
90.5,6
89.5,6
88.5,6
89.5,7
95.5,7
94.5,7
93.5,7
92.5,7
91.5,7
90.5,7
91.5,8
95.5,8
94.5,8
93.5,8
92.5,8
93.5,9
95.5,9
94.5,9
95.5,10
95.5,24
95.5,23
95.5,22
95.5,21
95.5,20
95.5,19
95.5,18
95.5,17
95.5,16
95.5,15
95.5,14
95.5,13
95.5,12
95.5,11
94.5,24
94.5,23
94.5,22
94.5,21
94.5,20
94.5,19
94.5,18
94.5,17
94.5,16
94.5,15
94.5,14
94.5,13
94.5,12
94.5,11
94.5,10
93.5,24
93.5,23
93.5,22
93.5,21
93.5,20
93.5,19
93.5,18
93.5,17
93.5,16
93.5,15
93.5,14
93.5,13
93.5,12
93.5,11
93.5,10
92.5,24
92.5,23
92.5,22
92.5,21
92.5,20
92.5,19
92.5,18
92.5,17
92.5,16
92.5,15
92.5,14
92.5,13
92.5,12
92.5,11
92.5,10
92.5,9
91.5,24
91.5,23
91.5,22
91.5,21
91.5,20
91.5,19
91.5,18
91.5,17
91.5,16
91.5,15
91.5,14
91.5,13
91.5,12
91.5,11
91.5,10
91.5,9
90.5,24
90.5,23
90.5,22
90.5,21
90.5,20
90.5,19
90.5,18
90.5,17
90.5,16
90.5,15
90.5,14
90.5,13
90.5,12
90.5,11
90.5,10
90.5,9
90.5,8
89.5,24
89.5,23
89.5,22
89.5,21
89.5,20
89.5,19
89.5,18
89.5,17
89.5,16
89.5,15
89.5,14
89.5,13
89.5,12
89.5,11
89.5,10
89.5,9
89.5,8
88.5,24
88.5,23
88.5,22
88.5,21
88.5,20
88.5,19
88.5,18
88.5,17
88.5,16
88.5,15
88.5,14
88.5,13
88.5,12
88.5,11
88.5,10
88.5,9
88.5,8
88.5,7
87.5,24
87.5,23
87.5,22
87.5,21
87.5,20
87.5,19
87.5,18
87.5,17
87.5,16
87.5,15
87.5,14
87.5,13
87.5,12
87.5,11
87.5,10
87.5,9
87.5,8
87.5,7
86.5,24
86.5,23
86.5,22
86.5,21
86.5,20
86.5,19
86.5,18
86.5,17
86.5,16
86.5,15
86.5,14
86.5,13
86.5,12
86.5,11
86.5,10
86.5,9
86.5,8
86.5,7
86.5,6
85.5,24
85.5,23
85.5,22
85.5,21
85.5,20
85.5,19
85.5,18
85.5,17
85.5,16
85.5,15
85.5,14
85.5,13
85.5,12
85.5,11
85.5,10
85.5,9
85.5,8
85.5,7
85.5,6
84.5,24
84.5,23
84.5,22
84.5,21
84.5,20
84.5,19
84.5,18
84.5,17
84.5,16
84.5,15
84.5,14
84.5,13
84.5,12
84.5,11
84.5,10
84.5,9
84.5,8
84.5,7
84.5,6
84.5,5
83.5,24
83.5,23
83.5,22
83.5,21
83.5,20
83.5,19
83.5,18
83.5,17
83.5,16
83.5,15
83.5,14
83.5,13
83.5,12
83.5,11
83.5,10
83.5,9
83.5,8
83.5,7
83.5,6
83.5,5
82.5,24
82.5,23
82.5,22
82.5,21
82.5,20
82.5,19
82.5,18
82.5,17
82.5,16
82.5,15
82.5,14
82.5,13
82.5,12
82.5,11
82.5,10
82.5,9
82.5,8
82.5,7
82.5,6
82.5,5
82.5,4
81.5,24
81.5,23
81.5,22
81.5,21
81.5,20
81.5,19
81.5,18
81.5,17
81.5,16
81.5,15
81.5,14
81.5,13
81.5,12
81.5,11
81.5,10
81.5,9
81.5,8
81.5,7
81.5,6
81.5,5
81.5,4
80.5,24
80.5,23
80.5,22
80.5,21
80.5,20
80.5,19
80.5,18
80.5,17
80.5,16
80.5,15
80.5,14
80.5,13
80.5,12
80.5,11
80.5,10
80.5,9
80.5,8
80.5,7
80.5,6
80.5,5
80.5,4
80.5,3
79.5,24
79.5,23
79.5,22
79.5,21
79.5,20
79.5,19
79.5,18
79.5,17
79.5,16
79.5,15
79.5,14
79.5,13
79.5,12
79.5,11
79.5,10
79.5,9
79.5,8
79.5,7
79.5,6
79.5,5
79.5,4
79.5,3
78.5,24
78.5,23
78.5,22
78.5,21
78.5,20
78.5,19
78.5,18
78.5,17
78.5,16
78.5,15
78.5,14
78.5,13
78.5,12
78.5,11
78.5,10
78.5,9
78.5,8
78.5,7
78.5,6
78.5,5
78.5,4
78.5,3
78.5,2
77.5,24
77.5,23
77.5,22
77.5,21
77.5,20
77.5,19
77.5,18
77.5,17
77.5,16
77.5,15
77.5,14
77.5,13
77.5,12
77.5,11
77.5,10
77.5,9
77.5,8
77.5,7
77.5,6
77.5,5
77.5,4
77.5,3
77.5,2
76.5,24
76.5,23
76.5,22
76.5,21
76.5,20
76.5,19
76.5,18
76.5,17
76.5,16
76.5,15
76.5,14
76.5,13
76.5,12
76.5,11
76.5,10
76.5,9
76.5,8
76.5,7
76.5,6
76.5,5
76.5,4
76.5,3
76.5,2
76.5,1
75.5,24
75.5,23
75.5,22
75.5,21
75.5,20
75.5,19
75.5,18
75.5,17
75.5,16
75.5,15
75.5,14
75.5,13
75.5,12
75.5,11
75.5,10
75.5,9
75.5,8
75.5,7
75.5,6
75.5,5
75.5,4
75.5,3
75.5,2
75.5,1
74.5,30
73.5,30
72.5,30
74.5,29
73.5,29
72.5,29
74.5,28
73.5,28
72.5,28
74.5,27
73.5,27
72.5,27
74.5,26
73.5,26
72.5,26
74.5,25
73.5,25
72.5,25
86.5,30
87.5,30
88.5,30
89.5,30
90.5,30
91.5,30
92.5,30
93.5,30
94.5,30
95.5,30
85.5,30
84.5,30
83.5,30
84.5,29
85.5,29
86.5,29
87.5,29
88.5,29
89.5,29
90.5,29
91.5,29
92.5,29
93.5,29
94.5,29
95.5,29
83.5,29
82.5,29
82.5,30
81.5,29
81.5,30
82.5,28
83.5,28
84.5,28
85.5,28
86.5,28
87.5,28
88.5,28
89.5,28
90.5,28
91.5,28
92.5,28
93.5,28
94.5,28
95.5,28
81.5,28
80.5,28
80.5,29
80.5,30
79.5,28
79.5,29
79.5,30
80.5,27
81.5,27
82.5,27
83.5,27
84.5,27
85.5,27
86.5,27
87.5,27
88.5,27
89.5,27
90.5,27
91.5,27
92.5,27
93.5,27
94.5,27
95.5,27
79.5,27
78.5,27
78.5,28
78.5,29
78.5,30
77.5,27
77.5,28
77.5,29
77.5,30
78.5,26
79.5,26
80.5,26
81.5,26
82.5,26
83.5,26
84.5,26
85.5,26
86.5,26
87.5,26
88.5,26
89.5,26
90.5,26
91.5,26
92.5,26
93.5,26
94.5,26
95.5,26
77.5,26
76.5,26
76.5,27
76.5,28
76.5,29
76.5,30
75.5,26
75.5,27
75.5,28
75.5,29
75.5,30
76.5,25
77.5,25
78.5,25
79.5,25
80.5,25
81.5,25
82.5,25
83.5,25
84.5,25
85.5,25
86.5,25
87.5,25
88.5,25
89.5,25
90.5,25
91.5,25
92.5,25
93.5,25
94.5,25
95.5,25
75.5,25
72.5,99
72.5,98
72.5,97
72.5,96
72.5,95
72.5,94
72.5,93
72.5,92
72.5,91
72.5,90
72.5,89
72.5,88
72.5,87
73.5,99
73.5,98
73.5,97
73.5,96
73.5,95
73.5,94
73.5,93
73.5,92
73.5,91
73.5,90
73.5,89
73.5,88
73.5,87
74.5,87
74.5,99
74.5,98
74.5,97
74.5,96
74.5,95
74.5,94
74.5,93
74.5,92
74.5,91
74.5,90
74.5,89
74.5,88
95.5,87
95.5,88
95.5,89
95.5,90
95.5,91
95.5,92
95.5,93
95.5,94
95.5,95
95.5,96
95.5,97
95.5,98
95.5,99
94.5,87
94.5,88
94.5,89
94.5,90
94.5,91
94.5,92
94.5,93
94.5,94
94.5,95
94.5,96
94.5,98
94.5,99
94.5,97
93.5,87
93.5,88
93.5,89
93.5,90
93.5,91
93.5,92
93.5,93
93.5,94
93.5,95
93.5,96
93.5,97
93.5,98
93.5,99
92.5,87
92.5,88
92.5,89
92.5,90
92.5,91
92.5,92
92.5,93
92.5,94
92.5,95
92.5,97
92.5,98
92.5,99
92.5,96
91.5,87
91.5,88
91.5,89
91.5,90
91.5,91
91.5,92
91.5,93
91.5,94
91.5,95
91.5,96
91.5,97
91.5,98
91.5,99
90.5,87
90.5,88
90.5,89
90.5,90
90.5,91
90.5,92
90.5,93
90.5,94
90.5,96
90.5,97
90.5,98
90.5,99
90.5,95
89.5,87
89.5,88
89.5,89
89.5,90
89.5,91
89.5,92
89.5,93
89.5,94
89.5,95
89.5,96
89.5,97
89.5,98
89.5,99
88.5,87
88.5,88
88.5,89
88.5,90
88.5,91
88.5,92
88.5,93
88.5,95
88.5,96
88.5,97
88.5,98
88.5,99
88.5,94
87.5,87
87.5,88
87.5,89
87.5,90
87.5,91
87.5,92
87.5,93
87.5,94
87.5,95
87.5,96
87.5,97
87.5,98
87.5,99
86.5,87
86.5,88
86.5,89
86.5,90
86.5,91
86.5,92
86.5,94
86.5,95
86.5,96
86.5,97
86.5,98
86.5,99
86.5,93
85.5,87
85.5,88
85.5,89
85.5,90
85.5,91
85.5,92
85.5,93
85.5,94
85.5,95
85.5,96
85.5,97
85.5,98
85.5,99
84.5,87
84.5,88
84.5,89
84.5,90
84.5,91
84.5,93
84.5,94
84.5,95
84.5,96
84.5,97
84.5,98
84.5,99
84.5,92
83.5,87
83.5,88
83.5,89
83.5,90
83.5,91
83.5,92
83.5,93
83.5,94
83.5,95
83.5,96
83.5,97
83.5,98
83.5,99
82.5,87
82.5,88
82.5,89
82.5,90
82.5,92
82.5,93
82.5,94
82.5,95
82.5,96
82.5,97
82.5,98
82.5,99
82.5,91
81.5,87
81.5,88
81.5,89
81.5,90
81.5,91
81.5,92
81.5,93
81.5,94
81.5,95
81.5,96
81.5,97
81.5,98
81.5,99
80.5,87
80.5,88
80.5,89
80.5,91
80.5,92
80.5,93
80.5,94
80.5,95
80.5,96
80.5,97
80.5,98
80.5,99
80.5,90
79.5,87
79.5,88
79.5,89
79.5,90
79.5,91
79.5,92
79.5,93
79.5,94
79.5,95
79.5,96
79.5,97
79.5,98
79.5,99
78.5,87
78.5,88
78.5,90
78.5,91
78.5,92
78.5,93
78.5,94
78.5,95
78.5,96
78.5,97
78.5,98
78.5,99
78.5,89
77.5,87
77.5,88
77.5,89
77.5,90
77.5,91
77.5,92
77.5,93
77.5,94
77.5,95
77.5,96
77.5,97
77.5,98
77.5,99
76.5,87
76.5,89
76.5,90
76.5,91
76.5,92
76.5,93
76.5,94
76.5,95
76.5,96
76.5,97
76.5,98
76.5,99
76.5,88
75.5,87
75.5,88
75.5,89
75.5,90
75.5,91
75.5,92
75.5,93
75.5,94
75.5,95
75.5,96
75.5,97
75.5,98
75.5,99
