x coord,y coord
49.5,0.5
48.5,0.5
47.5,0.5
46.5,0.5
45.5,0.5
44.5,0.5
43.5,0.5
42.5,0.5
41.5,0.5
40.5,0.5
39.5,0.5
38.5,0.5
37.5,0.5
49.5,1.5
48.5,1.5
47.5,1.5
46.5,1.5
45.5,1.5
44.5,1.5
43.5,1.5
42.5,1.5
41.5,1.5
40.5,1.5
39.5,1.5
38.5,1.5
37.5,1.5
49.5,2.5
48.5,2.5
47.5,2.5
46.5,2.5
45.5,2.5
44.5,2.5
43.5,2.5
42.5,2.5
41.5,2.5
40.5,2.5
39.5,2.5
38.5,2.5
37.5,2.5
49.5,3.5
48.5,3.5
47.5,3.5
46.5,3.5
45.5,3.5
44.5,3.5
43.5,3.5
42.5,3.5
41.5,3.5
40.5,3.5
39.5,3.5
38.5,3.5
37.5,3.5
49.5,4.5
48.5,4.5
47.5,4.5
46.5,4.5
45.5,4.5
44.5,4.5
43.5,4.5
42.5,4.5
41.5,4.5
40.5,4.5
39.5,4.5
38.5,4.5
37.5,4.5
49.5,5.5
48.5,5.5
47.5,5.5
46.5,5.5
45.5,5.5
44.5,5.5
43.5,5.5
42.5,5.5
41.5,5.5
40.5,5.5
39.5,5.5
38.5,5.5
37.5,5.5
38.5,6.5
49.5,6.5
48.5,6.5
47.5,6.5
46.5,6.5
45.5,6.5
44.5,6.5
43.5,6.5
42.5,6.5
41.5,6.5
40.5,6.5
39.5,6.5
40.5,7.5
49.5,7.5
48.5,7.5
47.5,7.5
46.5,7.5
45.5,7.5
44.5,7.5
43.5,7.5
42.5,7.5
41.5,7.5
42.5,8.5
49.5,8.5
48.5,8.5
47.5,8.5
46.5,8.5
45.5,8.5
44.5,8.5
43.5,8.5
44.5,9.5
49.5,9.5
48.5,9.5
47.5,9.5
46.5,9.5
45.5,9.5
46.5,10.5
49.5,10.5
48.5,10.5
47.5,10.5
48.5,11.5
49.5,11.5
49.5,12.5
48.5,12.5
47.5,12.5
47.5,11.5
46.5,12.5
46.5,11.5
45.5,12.5
45.5,11.5
45.5,10.5
44.5,12.5
44.5,11.5
44.5,10.5
43.5,12.5
43.5,11.5
43.5,10.5
43.5,9.5
42.5,12.5
42.5,11.5
42.5,10.5
42.5,9.5
41.5,12.5
41.5,11.5
41.5,10.5
41.5,9.5
41.5,8.5
40.5,12.5
40.5,11.5
40.5,10.5
40.5,9.5
40.5,8.5
39.5,12.5
39.5,11.5
39.5,10.5
39.5,9.5
39.5,8.5
39.5,7.5
38.5,12.5
38.5,11.5
38.5,10.5
38.5,9.5
38.5,8.5
38.5,7.5
37.5,12.5
37.5,11.5
37.5,10.5
37.5,9.5
37.5,8.5
37.5,7.5
37.5,6.5
50.5,0.5
50.5,1.5
50.5,2.5
50.5,3.5
50.5,4.5
50.5,5.5
50.5,6.5
50.5,7.5
50.5,8.5
50.5,9.5
50.5,10.5
50.5,11.5
50.5,12.5
52.5,0.5
53.5,0.5
54.5,0.5
55.5,0.5
56.5,0.5
57.5,0.5
58.5,0.5
59.5,0.5
60.5,0.5
51.5,0.5
51.5,1.5
51.5,2.5
51.5,3.5
51.5,4.5
51.5,5.5
51.5,6.5
51.5,7.5
51.5,8.5
51.5,9.5
51.5,10.5
51.5,11.5
51.5,12.5
52.5,1.5
52.5,2.5
52.5,3.5
52.5,4.5
52.5,5.5
52.5,6.5
52.5,7.5
52.5,8.5
52.5,9.5
52.5,10.5
52.5,11.5
52.5,12.5
54.5,1.5
55.5,1.5
56.5,1.5
57.5,1.5
58.5,1.5
59.5,1.5
60.5,1.5
53.5,1.5
53.5,2.5
53.5,3.5
53.5,4.5
53.5,5.5
53.5,6.5
53.5,7.5
53.5,8.5
53.5,9.5
53.5,10.5
53.5,11.5
53.5,12.5
54.5,2.5
54.5,3.5
54.5,4.5
54.5,5.5
54.5,6.5
54.5,7.5
54.5,8.5
54.5,9.5
54.5,10.5
54.5,11.5
54.5,12.5
56.5,2.5
57.5,2.5
58.5,2.5
59.5,2.5
60.5,2.5
55.5,2.5
55.5,3.5
55.5,4.5
55.5,5.5
55.5,6.5
55.5,7.5
55.5,8.5
55.5,9.5
55.5,10.5
55.5,11.5
55.5,12.5
56.5,3.5
56.5,4.5
56.5,5.5
56.5,6.5
56.5,7.5
56.5,8.5
56.5,9.5
56.5,10.5
56.5,11.5
56.5,12.5
58.5,3.5
59.5,3.5
60.5,3.5
57.5,3.5
57.5,4.5
57.5,5.5
57.5,6.5
57.5,7.5
57.5,8.5
57.5,9.5
57.5,10.5
57.5,11.5
57.5,12.5
58.5,4.5
58.5,5.5
58.5,6.5
58.5,7.5
58.5,8.5
58.5,9.5
58.5,10.5
58.5,11.5
58.5,12.5
60.5,4.5
59.5,4.5
59.5,5.5
59.5,6.5
59.5,7.5
59.5,8.5
59.5,9.5
59.5,10.5
59.5,11.5
59.5,12.5
60.5,5.5
60.5,6.5
60.5,7.5
60.5,8.5
60.5,9.5
60.5,10.5
60.5,11.5
60.5,12.5
49.5,74.5
49.5,73.5
49.5,72.5
49.5,71.5
49.5,70.5
49.5,69.5
48.5,74.5
48.5,73.5
48.5,72.5
48.5,71.5
48.5,70.5
48.5,69.5
47.5,74.5
47.5,73.5
47.5,72.5
47.5,71.5
47.5,70.5
47.5,69.5
46.5,74.5
46.5,73.5
46.5,72.5
46.5,71.5
46.5,70.5
46.5,69.5
45.5,74.5
45.5,73.5
45.5,72.5
45.5,71.5
45.5,70.5
45.5,69.5
44.5,74.5
44.5,73.5
44.5,72.5
44.5,71.5
44.5,70.5
44.5,69.5
43.5,74.5
43.5,73.5
43.5,72.5
43.5,71.5
43.5,70.5
43.5,69.5
42.5,74.5
42.5,73.5
42.5,72.5
42.5,71.5
42.5,70.5
42.5,69.5
41.5,74.5
41.5,73.5
41.5,72.5
41.5,71.5
41.5,70.5
41.5,69.5
40.5,74.5
40.5,73.5
40.5,72.5
40.5,71.5
40.5,70.5
40.5,69.5
39.5,74.5
39.5,73.5
39.5,72.5
39.5,71.5
39.5,70.5
39.5,69.5
38.5,74.5
38.5,73.5
38.5,72.5
38.5,71.5
38.5,70.5
38.5,69.5
37.5,74.5
37.5,73.5
37.5,72.5
37.5,71.5
37.5,70.5
37.5,69.5
49.5,87.5
49.5,88.5
49.5,89.5
49.5,90.5
49.5,91.5
49.5,92.5
49.5,93.5
49.5,94.5
49.5,95.5
49.5,96.5
49.5,97.5
49.5,98.5
49.5,99.5
48.5,87.5
48.5,88.5
48.5,89.5
48.5,90.5
48.5,91.5
48.5,92.5
48.5,93.5
48.5,94.5
48.5,95.5
48.5,96.5
48.5,97.5
48.5,98.5
48.5,99.5
49.5,86.5
48.5,86.5
47.5,86.5
47.5,87.5
47.5,88.5
47.5,89.5
47.5,90.5
47.5,91.5
47.5,92.5
47.5,93.5
47.5,94.5
47.5,95.5
47.5,96.5
47.5,97.5
47.5,99.5
47.5,98.5
46.5,86.5
46.5,87.5
46.5,88.5
46.5,89.5
46.5,90.5
46.5,91.5
46.5,92.5
46.5,93.5
46.5,94.5
46.5,95.5
46.5,96.5
46.5,97.5
46.5,98.5
46.5,99.5
47.5,85.5
48.5,85.5
49.5,85.5
46.5,85.5
45.5,85.5
45.5,86.5
45.5,87.5
45.5,88.5
45.5,89.5
45.5,90.5
45.5,91.5
45.5,92.5
45.5,93.5
45.5,94.5
45.5,95.5
45.5,96.5
45.5,98.5
45.5,99.5
45.5,97.5
44.5,85.5
44.5,86.5
44.5,87.5
44.5,88.5
44.5,89.5
44.5,90.5
44.5,91.5
44.5,92.5
44.5,93.5
44.5,94.5
44.5,95.5
44.5,96.5
44.5,97.5
44.5,98.5
44.5,99.5
45.5,84.5
46.5,84.5
47.5,84.5
48.5,84.5
49.5,84.5
44.5,84.5
43.5,84.5
43.5,85.5
43.5,86.5
43.5,87.5
43.5,88.5
43.5,89.5
43.5,90.5
43.5,91.5
43.5,92.5
43.5,93.5
43.5,94.5
43.5,95.5
43.5,97.5
43.5,98.5
43.5,99.5
43.5,96.5
42.5,84.5
42.5,85.5
42.5,86.5
42.5,87.5
42.5,88.5
42.5,89.5
42.5,90.5
42.5,91.5
42.5,92.5
42.5,93.5
42.5,94.5
42.5,95.5
42.5,96.5
42.5,97.5
42.5,98.5
42.5,99.5
43.5,83.5
44.5,83.5
45.5,83.5
46.5,83.5
47.5,83.5
48.5,83.5
49.5,83.5
42.5,83.5
41.5,83.5
41.5,84.5
41.5,85.5
41.5,86.5
41.5,87.5
41.5,88.5
41.5,89.5
41.5,90.5
41.5,91.5
41.5,92.5
41.5,93.5
41.5,94.5
41.5,96.5
41.5,97.5
41.5,98.5
41.5,99.5
41.5,95.5
40.5,83.5
40.5,84.5
40.5,85.5
40.5,86.5
40.5,87.5
40.5,88.5
40.5,89.5
40.5,90.5
40.5,91.5
40.5,92.5
40.5,93.5
40.5,94.5
40.5,95.5
40.5,96.5
40.5,97.5
40.5,98.5
40.5,99.5
41.5,82.5
42.5,82.5
43.5,82.5
44.5,82.5
45.5,82.5
46.5,82.5
47.5,82.5
48.5,82.5
49.5,82.5
40.5,82.5
39.5,82.5
39.5,83.5
39.5,84.5
39.5,85.5
39.5,86.5
39.5,87.5
39.5,88.5
39.5,89.5
39.5,90.5
39.5,91.5
39.5,92.5
39.5,93.5
39.5,95.5
39.5,96.5
39.5,97.5
39.5,98.5
39.5,99.5
39.5,94.5
38.5,82.5
38.5,83.5
38.5,84.5
38.5,85.5
38.5,86.5
38.5,87.5
38.5,88.5
38.5,89.5
38.5,90.5
38.5,91.5
38.5,92.5
38.5,93.5
38.5,94.5
38.5,95.5
38.5,96.5
38.5,97.5
38.5,98.5
38.5,99.5
39.5,81.5
40.5,81.5
41.5,81.5
42.5,81.5
43.5,81.5
44.5,81.5
45.5,81.5
46.5,81.5
47.5,81.5
48.5,81.5
49.5,81.5
38.5,81.5
37.5,81.5
37.5,82.5
37.5,83.5
37.5,84.5
37.5,85.5
37.5,86.5
37.5,87.5
37.5,88.5
37.5,89.5
37.5,90.5
37.5,91.5
37.5,92.5
37.5,94.5
37.5,95.5
37.5,96.5
37.5,97.5
37.5,98.5
37.5,99.5
37.5,93.5
37.5,80.5
38.5,80.5
39.5,80.5
40.5,80.5
41.5,80.5
42.5,80.5
43.5,80.5
44.5,80.5
45.5,80.5
46.5,80.5
47.5,80.5
48.5,80.5
49.5,80.5
37.5,79.5
38.5,79.5
39.5,79.5
40.5,79.5
41.5,79.5
42.5,79.5
43.5,79.5
44.5,79.5
45.5,79.5
46.5,79.5
47.5,79.5
48.5,79.5
49.5,79.5
37.5,78.5
38.5,78.5
39.5,78.5
40.5,78.5
41.5,78.5
42.5,78.5
43.5,78.5
44.5,78.5
45.5,78.5
46.5,78.5
47.5,78.5
48.5,78.5
49.5,78.5
37.5,77.5
38.5,77.5
39.5,77.5
40.5,77.5
41.5,77.5
42.5,77.5
43.5,77.5
44.5,77.5
45.5,77.5
46.5,77.5
47.5,77.5
48.5,77.5
49.5,77.5
37.5,76.5
38.5,76.5
39.5,76.5
40.5,76.5
41.5,76.5
42.5,76.5
43.5,76.5
44.5,76.5
45.5,76.5
46.5,76.5
47.5,76.5
48.5,76.5
49.5,76.5
37.5,75.5
38.5,75.5
39.5,75.5
40.5,75.5
41.5,75.5
42.5,75.5
43.5,75.5
44.5,75.5
45.5,75.5
46.5,75.5
47.5,75.5
48.5,75.5
49.5,75.5
50.5,74.5
50.5,73.5
50.5,72.5
50.5,71.5
50.5,70.5
50.5,69.5
51.5,74.5
51.5,73.5
51.5,72.5
51.5,71.5
51.5,70.5
51.5,69.5
52.5,74.5
52.5,73.5
52.5,72.5
52.5,71.5
52.5,70.5
52.5,69.5
53.5,74.5
53.5,73.5
53.5,72.5
53.5,71.5
53.5,70.5
53.5,69.5
54.5,74.5
54.5,73.5
54.5,72.5
54.5,71.5
54.5,70.5
54.5,69.5
55.5,74.5
55.5,73.5
55.5,72.5
55.5,71.5
55.5,70.5
55.5,69.5
56.5,74.5
56.5,73.5
56.5,72.5
56.5,71.5
56.5,70.5
56.5,69.5
57.5,74.5
57.5,73.5
57.5,72.5
57.5,71.5
57.5,70.5
57.5,69.5
58.5,74.5
58.5,73.5
58.5,72.5
58.5,71.5
58.5,70.5
58.5,69.5
59.5,74.5
59.5,73.5
59.5,72.5
59.5,71.5
59.5,70.5
59.5,69.5
60.5,74.5
60.5,73.5
60.5,72.5
60.5,71.5
60.5,70.5
60.5,69.5
50.5,88.5
50.5,89.5
50.5,90.5
50.5,91.5
50.5,92.5
50.5,93.5
50.5,94.5
50.5,95.5
50.5,96.5
50.5,97.5
50.5,98.5
50.5,99.5
50.5,87.5
50.5,86.5
50.5,85.5
50.5,84.5
50.5,83.5
50.5,82.5
50.5,81.5
50.5,80.5
50.5,79.5
50.5,78.5
50.5,77.5
50.5,76.5
50.5,75.5
51.5,75.5
51.5,88.5
51.5,89.5
51.5,90.5
51.5,91.5
51.5,92.5
51.5,93.5
51.5,94.5
51.5,95.5
51.5,96.5
51.5,97.5
51.5,98.5
51.5,99.5
51.5,87.5
51.5,86.5
51.5,85.5
51.5,84.5
51.5,83.5
51.5,82.5
51.5,81.5
51.5,80.5
51.5,79.5
51.5,78.5
51.5,77.5
51.5,76.5
52.5,89.5
52.5,90.5
52.5,91.5
52.5,92.5
52.5,93.5
52.5,94.5
52.5,95.5
52.5,96.5
52.5,97.5
52.5,98.5
52.5,99.5
52.5,88.5
52.5,87.5
52.5,86.5
52.5,85.5
52.5,84.5
52.5,83.5
52.5,82.5
52.5,81.5
52.5,80.5
52.5,79.5
52.5,78.5
52.5,77.5
52.5,76.5
53.5,76.5
53.5,89.5
53.5,90.5
53.5,91.5
53.5,92.5
53.5,93.5
53.5,94.5
53.5,95.5
53.5,96.5
53.5,97.5
53.5,98.5
53.5,99.5
53.5,88.5
53.5,87.5
53.5,86.5
53.5,85.5
53.5,84.5
53.5,83.5
53.5,82.5
53.5,81.5
53.5,80.5
53.5,79.5
53.5,78.5
53.5,77.5
54.5,90.5
54.5,91.5
54.5,92.5
54.5,93.5
54.5,94.5
54.5,95.5
54.5,96.5
54.5,97.5
54.5,98.5
54.5,99.5
54.5,89.5
54.5,88.5
54.5,87.5
54.5,86.5
54.5,85.5
54.5,84.5
54.5,83.5
54.5,82.5
54.5,81.5
54.5,80.5
54.5,79.5
54.5,78.5
54.5,77.5
55.5,77.5
55.5,90.5
55.5,91.5
55.5,92.5
55.5,93.5
55.5,94.5
55.5,95.5
55.5,96.5
55.5,97.5
55.5,98.5
55.5,99.5
55.5,89.5
55.5,88.5
55.5,87.5
55.5,86.5
55.5,85.5
55.5,84.5
55.5,83.5
55.5,82.5
55.5,81.5
55.5,80.5
55.5,79.5
55.5,78.5
56.5,91.5
56.5,92.5
56.5,93.5
56.5,94.5
56.5,95.5
56.5,96.5
56.5,97.5
56.5,98.5
56.5,99.5
56.5,90.5
56.5,89.5
56.5,88.5
56.5,87.5
56.5,86.5
56.5,85.5
56.5,84.5
56.5,83.5
56.5,82.5
56.5,81.5
56.5,80.5
56.5,79.5
56.5,78.5
57.5,78.5
57.5,91.5
57.5,92.5
57.5,93.5
57.5,94.5
57.5,95.5
57.5,96.5
57.5,97.5
57.5,98.5
57.5,99.5
57.5,90.5
57.5,89.5
57.5,88.5
57.5,87.5
57.5,86.5
57.5,85.5
57.5,84.5
57.5,83.5
57.5,82.5
57.5,81.5
57.5,80.5
57.5,79.5
58.5,92.5
58.5,93.5
58.5,94.5
58.5,95.5
58.5,96.5
58.5,97.5
58.5,98.5
58.5,99.5
58.5,91.5
58.5,90.5
58.5,89.5
58.5,88.5
58.5,87.5
58.5,86.5
58.5,85.5
58.5,84.5
58.5,83.5
58.5,82.5
58.5,81.5
58.5,80.5
58.5,79.5
59.5,79.5
59.5,92.5
59.5,93.5
59.5,94.5
59.5,95.5
59.5,96.5
59.5,97.5
59.5,98.5
59.5,99.5
59.5,91.5
59.5,90.5
59.5,89.5
59.5,88.5
59.5,87.5
59.5,86.5
59.5,85.5
59.5,84.5
59.5,83.5
59.5,82.5
59.5,81.5
59.5,80.5
60.5,93.5
60.5,94.5
60.5,95.5
60.5,96.5
60.5,97.5
60.5,98.5
60.5,99.5
60.5,92.5
60.5,91.5
60.5,90.5
60.5,89.5
60.5,88.5
60.5,87.5
60.5,86.5
60.5,85.5
60.5,84.5
60.5,83.5
60.5,82.5
60.5,81.5
60.5,80.5
60.5,79.5
60.5,78.5
59.5,78.5
58.5,78.5
60.5,77.5
59.5,77.5
58.5,77.5
57.5,77.5
56.5,77.5
60.5,76.5
59.5,76.5
58.5,76.5
57.5,76.5
56.5,76.5
55.5,76.5
54.5,76.5
60.5,75.5
59.5,75.5
58.5,75.5
57.5,75.5
56.5,75.5
55.5,75.5
54.5,75.5
53.5,75.5
52.5,75.5
