x coord,y coord
1.5,0
2.5,0
3.5,0
4.5,0
5.5,0
6.5,0
7.5,0
8.5,0
9.5,0
10.5,0
11.5,0
12.5,0
13.5,0
14.5,0
15.5,0
0.5,0
0.5,1
0.5,2
0.5,3
0.5,4
0.5,5
0.5,6
0.5,7
0.5,8
0.5,9
0.5,10
0.5,11
0.5,12
0.5,24
0.5,23
0.5,22
0.5,21
0.5,20
0.5,19
0.5,18
0.5,17
0.5,16
0.5,15
0.5,14
0.5,13
1.5,1
1.5,2
1.5,3
1.5,4
1.5,5
1.5,6
1.5,7
1.5,8
1.5,9
1.5,10
1.5,11
1.5,12
1.5,13
1.5,24
1.5,23
1.5,22
1.5,21
1.5,20
1.5,19
1.5,18
1.5,17
1.5,16
1.5,15
1.5,14
3.5,1
4.5,1
5.5,1
6.5,1
7.5,1
8.5,1
9.5,1
10.5,1
11.5,1
12.5,1
13.5,1
14.5,1
15.5,1
2.5,1
2.5,2
2.5,3
2.5,4
2.5,5
2.5,6
2.5,7
2.5,8
2.5,9
2.5,10
2.5,11
2.5,12
2.5,13
2.5,24
2.5,23
2.5,22
2.5,21
2.5,20
2.5,19
2.5,18
2.5,17
2.5,16
2.5,15
2.5,14
3.5,2
3.5,3
3.5,4
3.5,5
3.5,6
3.5,7
3.5,8
3.5,9
3.5,10
3.5,11
3.5,12
3.5,13
3.5,14
3.5,24
3.5,23
3.5,22
3.5,21
3.5,20
3.5,19
3.5,18
3.5,17
3.5,16
3.5,15
5.5,2
6.5,2
7.5,2
8.5,2
9.5,2
10.5,2
11.5,2
12.5,2
13.5,2
14.5,2
15.5,2
4.5,2
4.5,3
4.5,4
4.5,5
4.5,6
4.5,7
4.5,8
4.5,9
4.5,10
4.5,11
4.5,12
4.5,13
4.5,14
4.5,24
4.5,23
4.5,22
4.5,21
4.5,20
4.5,19
4.5,18
4.5,17
4.5,16
4.5,15
5.5,3
5.5,4
5.5,5
5.5,6
5.5,7
5.5,8
5.5,9
5.5,10
5.5,11
5.5,12
5.5,13
5.5,14
5.5,15
5.5,24
5.5,23
5.5,22
5.5,21
5.5,20
5.5,19
5.5,18
5.5,17
5.5,16
7.5,3
8.5,3
9.5,3
10.5,3
11.5,3
12.5,3
13.5,3
14.5,3
15.5,3
6.5,3
6.5,4
6.5,5
6.5,6
6.5,7
6.5,8
6.5,9
6.5,10
6.5,11
6.5,12
6.5,13
6.5,14
6.5,15
6.5,24
6.5,23
6.5,22
6.5,21
6.5,20
6.5,19
6.5,18
6.5,17
6.5,16
7.5,4
7.5,5
7.5,6
7.5,7
7.5,8
7.5,9
7.5,10
7.5,11
7.5,12
7.5,13
7.5,14
7.5,15
7.5,16
7.5,24
7.5,23
7.5,22
7.5,21
7.5,20
7.5,19
7.5,18
7.5,17
9.5,4
10.5,4
11.5,4
12.5,4
13.5,4
14.5,4
15.5,4
8.5,4
8.5,5
8.5,6
8.5,7
8.5,8
8.5,9
8.5,10
8.5,11
8.5,12
8.5,13
8.5,14
8.5,15
8.5,16
8.5,24
8.5,23
8.5,22
8.5,21
8.5,20
8.5,19
8.5,18
8.5,17
9.5,5
9.5,6
9.5,7
9.5,8
9.5,9
9.5,10
9.5,11
9.5,12
9.5,13
9.5,14
9.5,15
9.5,16
9.5,17
9.5,24
9.5,23
9.5,22
9.5,21
9.5,20
9.5,19
9.5,18
11.5,5
12.5,5
13.5,5
14.5,5
15.5,5
10.5,5
10.5,6
10.5,7
10.5,8
10.5,9
10.5,10
10.5,11
10.5,12
10.5,13
10.5,14
10.5,15
10.5,16
10.5,17
10.5,24
10.5,23
10.5,22
10.5,21
10.5,20
10.5,19
10.5,18
11.5,6
11.5,7
11.5,8
11.5,9
11.5,10
11.5,11
11.5,12
11.5,13
11.5,14
11.5,15
11.5,16
11.5,17
11.5,18
11.5,24
11.5,23
11.5,22
11.5,21
11.5,20
11.5,19
13.5,6
14.5,6
15.5,6
12.5,6
12.5,7
12.5,8
12.5,9
12.5,10
12.5,11
12.5,12
12.5,13
12.5,14
12.5,15
12.5,16
12.5,17
12.5,18
12.5,24
12.5,23
12.5,22
12.5,21
12.5,20
12.5,19
13.5,7
13.5,8
13.5,9
13.5,10
13.5,11
13.5,12
13.5,13
13.5,14
13.5,15
13.5,16
13.5,17
13.5,18
13.5,19
13.5,24
13.5,23
13.5,22
13.5,21
13.5,20
15.5,7
14.5,7
14.5,8
14.5,9
14.5,10
14.5,11
14.5,12
14.5,13
14.5,14
14.5,15
14.5,16
14.5,17
14.5,18
14.5,19
14.5,24
14.5,23
14.5,22
14.5,21
14.5,20
15.5,8
15.5,9
15.5,10
15.5,11
15.5,12
15.5,13
15.5,14
15.5,15
15.5,16
15.5,17
15.5,18
15.5,19
15.5,20
15.5,24
15.5,23
15.5,22
15.5,21
0.5,25
0.5,38
0.5,39
0.5,40
0.5,37
0.5,36
0.5,35
0.5,34
0.5,33
0.5,32
0.5,31
0.5,30
0.5,29
0.5,28
0.5,27
0.5,26
1.5,39
1.5,40
1.5,38
1.5,37
1.5,36
1.5,35
1.5,34
1.5,33
1.5,32
1.5,31
1.5,30
1.5,29
1.5,28
1.5,27
1.5,26
2.5,26
2.5,39
2.5,40
2.5,38
2.5,37
2.5,36
2.5,35
2.5,34
2.5,33
2.5,32
2.5,31
2.5,30
2.5,29
2.5,28
2.5,27
3.5,40
3.5,39
3.5,38
3.5,37
3.5,36
3.5,35
3.5,34
3.5,33
3.5,32
3.5,31
3.5,30
3.5,29
3.5,28
3.5,27
4.5,27
4.5,40
4.5,39
4.5,38
4.5,37
4.5,36
4.5,35
4.5,34
4.5,33
4.5,32
4.5,31
4.5,30
4.5,29
4.5,28
5.5,40
5.5,39
5.5,38
5.5,37
5.5,36
5.5,35
5.5,34
5.5,33
5.5,32
5.5,31
5.5,30
5.5,29
5.5,28
6.5,28
6.5,40
6.5,39
6.5,38
6.5,37
6.5,36
6.5,35
6.5,34
6.5,33
6.5,32
6.5,31
6.5,30
6.5,29
7.5,40
7.5,39
7.5,38
7.5,37
7.5,36
7.5,35
7.5,34
7.5,33
7.5,32
7.5,31
7.5,30
7.5,29
8.5,29
8.5,40
8.5,39
8.5,38
8.5,37
8.5,36
8.5,35
8.5,34
8.5,33
8.5,32
8.5,31
8.5,30
9.5,40
9.5,39
9.5,38
9.5,37
9.5,36
9.5,35
9.5,34
9.5,33
9.5,32
9.5,31
9.5,30
10.5,30
10.5,40
10.5,39
10.5,38
10.5,37
10.5,36
10.5,35
10.5,34
10.5,33
10.5,32
10.5,31
11.5,40
11.5,39
11.5,38
11.5,37
11.5,36
11.5,35
11.5,34
11.5,33
11.5,32
11.5,31
12.5,31
12.5,40
12.5,39
12.5,38
12.5,37
12.5,36
12.5,35
12.5,34
12.5,33
12.5,32
13.5,40
13.5,39
13.5,38
13.5,37
13.5,36
13.5,35
13.5,34
13.5,33
13.5,32
14.5,32
14.5,40
14.5,39
14.5,38
14.5,37
14.5,36
14.5,35
14.5,34
14.5,33
15.5,40
15.5,39
15.5,38
15.5,37
15.5,36
15.5,35
15.5,34
15.5,33
15.5,32
15.5,31
14.5,31
13.5,31
15.5,30
14.5,30
13.5,30
12.5,30
11.5,30
15.5,29
14.5,29
13.5,29
12.5,29
11.5,29
10.5,29
9.5,29
15.5,28
14.5,28
13.5,28
12.5,28
11.5,28
10.5,28
9.5,28
8.5,28
7.5,28
15.5,27
14.5,27
13.5,27
12.5,27
11.5,27
10.5,27
9.5,27
8.5,27
7.5,27
6.5,27
5.5,27
15.5,26
14.5,26
13.5,26
12.5,26
11.5,26
10.5,26
9.5,26
8.5,26
7.5,26
6.5,26
5.5,26
4.5,26
3.5,26
15.5,25
14.5,25
13.5,25
12.5,25
11.5,25
10.5,25
9.5,25
8.5,25
7.5,25
6.5,25
5.5,25
4.5,25
3.5,25
2.5,25
1.5,25
99.5,0
98.5,0
97.5,0
96.5,0
95.5,0
94.5,0
93.5,0
92.5,0
99.5,1
98.5,1
97.5,1
96.5,1
95.5,1
94.5,1
93.5,1
92.5,1
99.5,2
98.5,2
97.5,2
96.5,2
95.5,2
94.5,2
93.5,2
92.5,2
99.5,3
98.5,3
97.5,3
96.5,3
95.5,3
94.5,3
93.5,3
92.5,3
99.5,4
98.5,4
97.5,4
96.5,4
95.5,4
94.5,4
93.5,4
92.5,4
99.5,5
98.5,5
97.5,5
96.5,5
95.5,5
94.5,5
93.5,5
92.5,5
99.5,6
98.5,6
97.5,6
96.5,6
95.5,6
94.5,6
93.5,6
92.5,6
99.5,7
98.5,7
97.5,7
96.5,7
95.5,7
94.5,7
93.5,7
92.5,7
99.5,8
98.5,8
97.5,8
96.5,8
95.5,8
94.5,8
93.5,8
92.5,8
93.5,9
99.5,9
98.5,9
97.5,9
96.5,9
95.5,9
94.5,9
95.5,10
99.5,10
98.5,10
97.5,10
96.5,10
97.5,11
99.5,11
98.5,11
99.5,12
99.5,24
99.5,23
99.5,22
99.5,21
99.5,20
99.5,19
99.5,18
99.5,17
99.5,16
99.5,15
99.5,14
99.5,13
98.5,24
98.5,23
98.5,22
98.5,21
98.5,20
98.5,19
98.5,18
98.5,17
98.5,16
98.5,15
98.5,14
98.5,13
98.5,12
97.5,24
97.5,23
97.5,22
97.5,21
97.5,20
97.5,19
97.5,18
97.5,17
97.5,16
97.5,15
97.5,14
97.5,13
97.5,12
96.5,24
96.5,23
96.5,22
96.5,21
96.5,20
96.5,19
96.5,18
96.5,17
96.5,16
96.5,15
96.5,14
96.5,13
96.5,12
96.5,11
95.5,24
95.5,23
95.5,22
95.5,21
95.5,20
95.5,19
95.5,18
95.5,17
95.5,16
95.5,15
95.5,14
95.5,13
95.5,12
95.5,11
94.5,24
94.5,23
94.5,22
94.5,21
94.5,20
94.5,19
94.5,18
94.5,17
94.5,16
94.5,15
94.5,14
94.5,13
94.5,12
94.5,11
94.5,10
93.5,24
93.5,23
93.5,22
93.5,21
93.5,20
93.5,19
93.5,18
93.5,17
93.5,16
93.5,15
93.5,14
93.5,13
93.5,12
93.5,11
93.5,10
92.5,24
92.5,23
92.5,22
92.5,21
92.5,20
92.5,19
92.5,18
92.5,17
92.5,16
92.5,15
92.5,14
92.5,13
92.5,12
92.5,11
92.5,10
92.5,9
99.5,38
99.5,39
99.5,40
99.5,37
98.5,37
98.5,38
98.5,39
98.5,40
97.5,37
97.5,38
97.5,39
97.5,40
98.5,36
99.5,36
97.5,36
96.5,36
96.5,37
96.5,38
96.5,39
96.5,40
95.5,36
95.5,37
95.5,38
95.5,39
95.5,40
96.5,35
97.5,35
98.5,35
99.5,35
95.5,35
94.5,35
94.5,36
94.5,37
94.5,38
94.5,39
94.5,40
93.5,35
93.5,36
93.5,37
93.5,38
93.5,39
93.5,40
94.5,34
95.5,34
96.5,34
97.5,34
98.5,34
99.5,34
93.5,34
92.5,34
92.5,35
92.5,36
92.5,37
92.5,38
92.5,39
92.5,40
92.5,33
93.5,33
94.5,33
95.5,33
96.5,33
97.5,33
98.5,33
99.5,33
92.5,32
93.5,32
94.5,32
95.5,32
96.5,32
97.5,32
98.5,32
99.5,32
92.5,31
93.5,31
94.5,31
95.5,31
96.5,31
97.5,31
98.5,31
99.5,31
92.5,30
93.5,30
94.5,30
95.5,30
96.5,30
97.5,30
98.5,30
99.5,30
92.5,29
93.5,29
94.5,29
95.5,29
96.5,29
97.5,29
98.5,29
99.5,29
92.5,28
93.5,28
94.5,28
95.5,28
96.5,28
97.5,28
98.5,28
99.5,28
92.5,27
93.5,27
94.5,27
95.5,27
96.5,27
97.5,27
98.5,27
99.5,27
92.5,26
93.5,26
94.5,26
95.5,26
96.5,26
97.5,26
98.5,26
99.5,26
92.5,25
93.5,25
94.5,25
95.5,25
96.5,25
97.5,25
98.5,25
99.5,25
0.5,97
0.5,98
0.5,99
1.5,97
1.5,98
1.5,99
2.5,97
2.5,98
2.5,99
3.5,97
3.5,98
3.5,99
4.5,97
4.5,98
4.5,99
5.5,97
5.5,98
5.5,99
6.5,97
6.5,98
6.5,99
7.5,97
7.5,98
7.5,99
8.5,97
8.5,98
8.5,99
9.5,97
9.5,98
9.5,99
10.5,97
10.5,98
10.5,99
11.5,97
11.5,98
11.5,99
12.5,97
12.5,98
12.5,99
13.5,97
13.5,98
13.5,99
14.5,97
14.5,98
14.5,99
15.5,97
15.5,98
15.5,99
99.5,97
99.5,98
99.5,99
98.5,97
98.5,98
98.5,99
97.5,97
97.5,98
97.5,99
96.5,97
96.5,99
96.5,98
95.5,97
95.5,98
95.5,99
94.5,98
94.5,99
94.5,97
93.5,97
93.5,98
93.5,99
92.5,97
92.5,98
92.5,99
