x coord,y coord
17.5,9.5
17.5,10.5
17.5,11.5
17.5,12.5
17.5,13.5
17.5,14.5
17.5,15.5
17.5,16.5
17.5,17.5
17.5,18.5
17.5,19.5
17.5,20.5
17.5,24.5
17.5,23.5
17.5,22.5
17.5,21.5
18.5,9.5
18.5,10.5
18.5,11.5
18.5,12.5
18.5,13.5
18.5,14.5
18.5,15.5
18.5,16.5
18.5,17.5
18.5,18.5
18.5,19.5
18.5,20.5
18.5,21.5
18.5,24.5
18.5,23.5
18.5,22.5
20.5,9.5
21.5,9.5
22.5,9.5
23.5,9.5
24.5,9.5
19.5,9.5
19.5,10.5
19.5,11.5
19.5,12.5
19.5,13.5
19.5,14.5
19.5,15.5
19.5,16.5
19.5,17.5
19.5,18.5
19.5,19.5
19.5,20.5
19.5,21.5
19.5,24.5
19.5,23.5
19.5,22.5
20.5,10.5
20.5,11.5
20.5,12.5
20.5,13.5
20.5,14.5
20.5,15.5
20.5,16.5
20.5,17.5
20.5,18.5
20.5,19.5
20.5,20.5
20.5,21.5
20.5,22.5
20.5,24.5
20.5,23.5
22.5,10.5
23.5,10.5
24.5,10.5
21.5,10.5
21.5,11.5
21.5,12.5
21.5,13.5
21.5,14.5
21.5,15.5
21.5,16.5
21.5,17.5
21.5,18.5
21.5,19.5
21.5,20.5
21.5,21.5
21.5,22.5
21.5,24.5
21.5,23.5
22.5,11.5
22.5,12.5
22.5,13.5
22.5,14.5
22.5,15.5
22.5,16.5
22.5,17.5
22.5,18.5
22.5,19.5
22.5,20.5
22.5,21.5
22.5,22.5
22.5,23.5
22.5,24.5
24.5,11.5
23.5,11.5
23.5,12.5
23.5,13.5
23.5,14.5
23.5,15.5
23.5,16.5
23.5,17.5
23.5,18.5
23.5,19.5
23.5,20.5
23.5,21.5
23.5,22.5
23.5,23.5
23.5,24.5
24.5,12.5
24.5,13.5
24.5,14.5
24.5,15.5
24.5,16.5
24.5,17.5
24.5,18.5
24.5,19.5
24.5,20.5
24.5,21.5
24.5,22.5
24.5,23.5
24.5,24.5
40.5,24.5
40.5,23.5
40.5,22.5
40.5,21.5
40.5,20.5
40.5,19.5
40.5,18.5
40.5,17.5
40.5,16.5
40.5,15.5
40.5,14.5
40.5,13.5
40.5,12.5
40.5,11.5
40.5,10.5
40.5,9.5
39.5,24.5
39.5,23.5
39.5,22.5
39.5,21.5
39.5,20.5
39.5,19.5
39.5,18.5
39.5,17.5
39.5,16.5
39.5,15.5
39.5,14.5
39.5,13.5
39.5,12.5
39.5,11.5
39.5,10.5
39.5,9.5
38.5,24.5
38.5,23.5
38.5,22.5
38.5,21.5
38.5,20.5
38.5,19.5
38.5,18.5
38.5,17.5
38.5,16.5
38.5,15.5
38.5,14.5
38.5,13.5
38.5,12.5
38.5,11.5
38.5,10.5
38.5,9.5
37.5,24.5
37.5,23.5
37.5,22.5
37.5,21.5
37.5,20.5
37.5,19.5
37.5,18.5
37.5,17.5
37.5,16.5
37.5,15.5
37.5,14.5
37.5,13.5
37.5,12.5
37.5,11.5
37.5,10.5
37.5,9.5
36.5,24.5
36.5,23.5
36.5,22.5
36.5,21.5
36.5,20.5
36.5,19.5
36.5,18.5
36.5,17.5
36.5,16.5
36.5,15.5
36.5,14.5
36.5,13.5
36.5,12.5
36.5,11.5
36.5,10.5
36.5,9.5
35.5,24.5
35.5,23.5
35.5,22.5
35.5,21.5
35.5,20.5
35.5,19.5
35.5,18.5
35.5,17.5
35.5,16.5
35.5,15.5
35.5,14.5
35.5,13.5
35.5,12.5
35.5,11.5
35.5,10.5
35.5,9.5
34.5,24.5
34.5,23.5
34.5,22.5
34.5,21.5
34.5,20.5
34.5,19.5
34.5,18.5
34.5,17.5
34.5,16.5
34.5,15.5
34.5,14.5
34.5,13.5
34.5,12.5
34.5,11.5
34.5,10.5
34.5,9.5
33.5,24.5
33.5,23.5
33.5,22.5
33.5,21.5
33.5,20.5
33.5,19.5
33.5,18.5
33.5,17.5
33.5,16.5
33.5,15.5
33.5,14.5
33.5,13.5
33.5,12.5
33.5,11.5
33.5,10.5
33.5,9.5
32.5,24.5
32.5,23.5
32.5,22.5
32.5,21.5
32.5,20.5
32.5,19.5
32.5,18.5
32.5,17.5
32.5,16.5
32.5,15.5
32.5,14.5
32.5,13.5
32.5,12.5
32.5,11.5
32.5,10.5
32.5,9.5
31.5,24.5
31.5,23.5
31.5,22.5
31.5,21.5
31.5,20.5
31.5,19.5
31.5,18.5
31.5,17.5
31.5,16.5
31.5,15.5
31.5,14.5
31.5,13.5
31.5,12.5
31.5,11.5
31.5,10.5
31.5,9.5
30.5,24.5
30.5,23.5
30.5,22.5
30.5,21.5
30.5,20.5
30.5,19.5
30.5,18.5
30.5,17.5
30.5,16.5
30.5,15.5
30.5,14.5
30.5,13.5
30.5,12.5
30.5,11.5
30.5,10.5
30.5,9.5
29.5,24.5
29.5,23.5
29.5,22.5
29.5,21.5
29.5,20.5
29.5,19.5
29.5,18.5
29.5,17.5
29.5,16.5
29.5,15.5
29.5,14.5
29.5,13.5
29.5,12.5
29.5,11.5
29.5,10.5
29.5,9.5
28.5,24.5
28.5,23.5
28.5,22.5
28.5,21.5
28.5,20.5
28.5,19.5
28.5,18.5
28.5,17.5
28.5,16.5
28.5,15.5
28.5,14.5
28.5,13.5
28.5,12.5
28.5,11.5
28.5,10.5
28.5,9.5
27.5,24.5
27.5,23.5
27.5,22.5
27.5,21.5
27.5,20.5
27.5,19.5
27.5,18.5
27.5,17.5
27.5,16.5
27.5,15.5
27.5,14.5
27.5,13.5
27.5,12.5
27.5,11.5
27.5,10.5
27.5,9.5
26.5,24.5
26.5,23.5
26.5,22.5
26.5,21.5
26.5,20.5
26.5,19.5
26.5,18.5
26.5,17.5
26.5,16.5
26.5,15.5
26.5,14.5
26.5,13.5
26.5,12.5
26.5,11.5
26.5,10.5
26.5,9.5
25.5,24.5
25.5,23.5
25.5,22.5
25.5,21.5
25.5,20.5
25.5,19.5
25.5,18.5
25.5,17.5
25.5,16.5
25.5,15.5
25.5,14.5
25.5,13.5
25.5,12.5
25.5,11.5
25.5,10.5
25.5,9.5
17.5,33.5
17.5,46.5
17.5,47.5
17.5,48.5
17.5,49.5
17.5,45.5
17.5,44.5
17.5,43.5
17.5,42.5
17.5,41.5
17.5,40.5
17.5,39.5
17.5,38.5
17.5,37.5
17.5,36.5
17.5,35.5
17.5,34.5
18.5,47.5
18.5,48.5
18.5,49.5
18.5,46.5
18.5,45.5
18.5,44.5
18.5,43.5
18.5,42.5
18.5,41.5
18.5,40.5
18.5,39.5
18.5,38.5
18.5,37.5
18.5,36.5
18.5,35.5
18.5,34.5
19.5,34.5
19.5,47.5
19.5,48.5
19.5,49.5
19.5,46.5
19.5,45.5
19.5,44.5
19.5,43.5
19.5,42.5
19.5,41.5
19.5,40.5
19.5,39.5
19.5,38.5
19.5,37.5
19.5,36.5
19.5,35.5
20.5,48.5
20.5,49.5
20.5,47.5
20.5,46.5
20.5,45.5
20.5,44.5
20.5,43.5
20.5,42.5
20.5,41.5
20.5,40.5
20.5,39.5
20.5,38.5
20.5,37.5
20.5,36.5
20.5,35.5
21.5,35.5
21.5,48.5
21.5,49.5
21.5,47.5
21.5,46.5
21.5,45.5
21.5,44.5
21.5,43.5
21.5,42.5
21.5,41.5
21.5,40.5
21.5,39.5
21.5,38.5
21.5,37.5
21.5,36.5
22.5,49.5
22.5,48.5
22.5,47.5
22.5,46.5
22.5,45.5
22.5,44.5
22.5,43.5
22.5,42.5
22.5,41.5
22.5,40.5
22.5,39.5
22.5,38.5
22.5,37.5
22.5,36.5
23.5,36.5
23.5,49.5
23.5,48.5
23.5,47.5
23.5,46.5
23.5,45.5
23.5,44.5
23.5,43.5
23.5,42.5
23.5,41.5
23.5,40.5
23.5,39.5
23.5,38.5
23.5,37.5
24.5,49.5
24.5,48.5
24.5,47.5
24.5,46.5
24.5,45.5
24.5,44.5
24.5,43.5
24.5,42.5
24.5,41.5
24.5,40.5
24.5,39.5
24.5,38.5
24.5,37.5
24.5,36.5
24.5,35.5
23.5,35.5
22.5,35.5
24.5,34.5
23.5,34.5
22.5,34.5
21.5,34.5
20.5,34.5
24.5,33.5
23.5,33.5
22.5,33.5
21.5,33.5
20.5,33.5
19.5,33.5
18.5,33.5
24.5,32.5
23.5,32.5
22.5,32.5
21.5,32.5
20.5,32.5
19.5,32.5
18.5,32.5
17.5,32.5
24.5,31.5
23.5,31.5
22.5,31.5
21.5,31.5
20.5,31.5
19.5,31.5
18.5,31.5
17.5,31.5
24.5,30.5
23.5,30.5
22.5,30.5
21.5,30.5
20.5,30.5
19.5,30.5
18.5,30.5
17.5,30.5
24.5,29.5
23.5,29.5
22.5,29.5
21.5,29.5
20.5,29.5
19.5,29.5
18.5,29.5
17.5,29.5
24.5,28.5
23.5,28.5
22.5,28.5
21.5,28.5
20.5,28.5
19.5,28.5
18.5,28.5
17.5,28.5
24.5,27.5
23.5,27.5
22.5,27.5
21.5,27.5
20.5,27.5
19.5,27.5
18.5,27.5
17.5,27.5
24.5,26.5
23.5,26.5
22.5,26.5
21.5,26.5
20.5,26.5
19.5,26.5
18.5,26.5
17.5,26.5
24.5,25.5
23.5,25.5
22.5,25.5
21.5,25.5
20.5,25.5
19.5,25.5
18.5,25.5
17.5,25.5
40.5,33.5
40.5,34.5
40.5,35.5
40.5,36.5
40.5,37.5
40.5,38.5
40.5,39.5
40.5,40.5
40.5,41.5
40.5,42.5
40.5,43.5
40.5,44.5
40.5,45.5
40.5,46.5
40.5,47.5
40.5,48.5
40.5,49.5
40.5,32.5
39.5,32.5
39.5,33.5
39.5,34.5
39.5,35.5
39.5,36.5
39.5,37.5
39.5,38.5
39.5,39.5
39.5,40.5
39.5,41.5
39.5,42.5
39.5,43.5
39.5,45.5
39.5,46.5
39.5,47.5
39.5,48.5
39.5,49.5
39.5,44.5
38.5,32.5
38.5,33.5
38.5,34.5
38.5,35.5
38.5,36.5
38.5,37.5
38.5,38.5
38.5,39.5
38.5,40.5
38.5,41.5
38.5,42.5
38.5,43.5
38.5,44.5
38.5,45.5
38.5,46.5
38.5,47.5
38.5,48.5
38.5,49.5
39.5,31.5
40.5,31.5
38.5,31.5
37.5,31.5
37.5,32.5
37.5,33.5
37.5,34.5
37.5,35.5
37.5,36.5
37.5,37.5
37.5,38.5
37.5,39.5
37.5,40.5
37.5,41.5
37.5,42.5
37.5,44.5
37.5,45.5
37.5,46.5
37.5,47.5
37.5,48.5
37.5,49.5
37.5,43.5
36.5,31.5
36.5,32.5
36.5,33.5
36.5,34.5
36.5,35.5
36.5,36.5
36.5,37.5
36.5,38.5
36.5,39.5
36.5,40.5
36.5,41.5
36.5,42.5
36.5,43.5
36.5,44.5
36.5,45.5
36.5,46.5
36.5,47.5
36.5,48.5
36.5,49.5
37.5,30.5
38.5,30.5
39.5,30.5
40.5,30.5
36.5,30.5
35.5,30.5
35.5,31.5
35.5,32.5
35.5,33.5
35.5,34.5
35.5,35.5
35.5,36.5
35.5,37.5
35.5,38.5
35.5,39.5
35.5,40.5
35.5,41.5
35.5,43.5
35.5,44.5
35.5,45.5
35.5,46.5
35.5,47.5
35.5,48.5
35.5,49.5
35.5,42.5
34.5,30.5
34.5,31.5
34.5,32.5
34.5,33.5
34.5,34.5
34.5,35.5
34.5,36.5
34.5,37.5
34.5,38.5
34.5,39.5
34.5,40.5
34.5,41.5
34.5,42.5
34.5,43.5
34.5,44.5
34.5,45.5
34.5,46.5
34.5,47.5
34.5,48.5
34.5,49.5
35.5,29.5
36.5,29.5
37.5,29.5
38.5,29.5
39.5,29.5
40.5,29.5
34.5,29.5
33.5,29.5
33.5,30.5
33.5,31.5
33.5,32.5
33.5,33.5
33.5,34.5
33.5,35.5
33.5,36.5
33.5,37.5
33.5,38.5
33.5,39.5
33.5,40.5
33.5,42.5
33.5,43.5
33.5,44.5
33.5,45.5
33.5,46.5
33.5,47.5
33.5,48.5
33.5,49.5
33.5,41.5
32.5,29.5
32.5,30.5
32.5,31.5
32.5,32.5
32.5,33.5
32.5,34.5
32.5,35.5
32.5,36.5
32.5,37.5
32.5,38.5
32.5,39.5
32.5,40.5
32.5,41.5
32.5,42.5
32.5,43.5
32.5,44.5
32.5,45.5
32.5,46.5
32.5,47.5
32.5,48.5
32.5,49.5
33.5,28.5
34.5,28.5
35.5,28.5
36.5,28.5
37.5,28.5
38.5,28.5
39.5,28.5
40.5,28.5
32.5,28.5
31.5,28.5
31.5,29.5
31.5,30.5
31.5,31.5
31.5,32.5
31.5,33.5
31.5,34.5
31.5,35.5
31.5,36.5
31.5,37.5
31.5,38.5
31.5,39.5
31.5,41.5
31.5,42.5
31.5,43.5
31.5,44.5
31.5,45.5
31.5,46.5
31.5,47.5
31.5,48.5
31.5,49.5
31.5,40.5
30.5,28.5
30.5,29.5
30.5,30.5
30.5,31.5
30.5,32.5
30.5,33.5
30.5,34.5
30.5,35.5
30.5,36.5
30.5,37.5
30.5,38.5
30.5,39.5
30.5,40.5
30.5,41.5
30.5,42.5
30.5,43.5
30.5,44.5
30.5,45.5
30.5,46.5
30.5,47.5
30.5,48.5
30.5,49.5
31.5,27.5
32.5,27.5
33.5,27.5
34.5,27.5
35.5,27.5
36.5,27.5
37.5,27.5
38.5,27.5
39.5,27.5
40.5,27.5
30.5,27.5
29.5,27.5
29.5,28.5
29.5,29.5
29.5,30.5
29.5,31.5
29.5,32.5
29.5,33.5
29.5,34.5
29.5,35.5
29.5,36.5
29.5,37.5
29.5,38.5
29.5,40.5
29.5,41.5
29.5,42.5
29.5,43.5
29.5,44.5
29.5,45.5
29.5,46.5
29.5,47.5
29.5,48.5
29.5,49.5
29.5,39.5
28.5,27.5
28.5,28.5
28.5,29.5
28.5,30.5
28.5,31.5
28.5,32.5
28.5,33.5
28.5,34.5
28.5,35.5
28.5,36.5
28.5,37.5
28.5,38.5
28.5,39.5
28.5,40.5
28.5,41.5
28.5,42.5
28.5,43.5
28.5,44.5
28.5,45.5
28.5,46.5
28.5,47.5
28.5,48.5
28.5,49.5
29.5,26.5
30.5,26.5
31.5,26.5
32.5,26.5
33.5,26.5
34.5,26.5
35.5,26.5
36.5,26.5
37.5,26.5
38.5,26.5
39.5,26.5
40.5,26.5
28.5,26.5
27.5,26.5
27.5,27.5
27.5,28.5
27.5,29.5
27.5,30.5
27.5,31.5
27.5,32.5
27.5,33.5
27.5,34.5
27.5,35.5
27.5,36.5
27.5,37.5
27.5,39.5
27.5,40.5
27.5,41.5
27.5,42.5
27.5,43.5
27.5,44.5
27.5,45.5
27.5,46.5
27.5,47.5
27.5,48.5
27.5,49.5
27.5,38.5
26.5,26.5
26.5,27.5
26.5,28.5
26.5,29.5
26.5,30.5
26.5,31.5
26.5,32.5
26.5,33.5
26.5,34.5
26.5,35.5
26.5,36.5
26.5,37.5
26.5,38.5
26.5,39.5
26.5,40.5
26.5,41.5
26.5,42.5
26.5,43.5
26.5,44.5
26.5,45.5
26.5,46.5
26.5,47.5
26.5,48.5
26.5,49.5
27.5,25.5
28.5,25.5
29.5,25.5
30.5,25.5
31.5,25.5
32.5,25.5
33.5,25.5
34.5,25.5
35.5,25.5
36.5,25.5
37.5,25.5
38.5,25.5
39.5,25.5
40.5,25.5
26.5,25.5
25.5,25.5
25.5,26.5
25.5,27.5
25.5,28.5
25.5,29.5
25.5,30.5
25.5,31.5
25.5,32.5
25.5,33.5
25.5,34.5
25.5,35.5
25.5,36.5
25.5,38.5
25.5,39.5
25.5,40.5
25.5,41.5
25.5,42.5
25.5,43.5
25.5,44.5
25.5,45.5
25.5,46.5
25.5,47.5
25.5,48.5
25.5,49.5
25.5,37.5
17.5,50.5
18.5,50.5
19.5,50.5
20.5,50.5
21.5,50.5
22.5,50.5
23.5,50.5
24.5,50.5
17.5,51.5
18.5,51.5
19.5,51.5
20.5,51.5
21.5,51.5
22.5,51.5
23.5,51.5
24.5,51.5
17.5,52.5
18.5,52.5
19.5,52.5
20.5,52.5
21.5,52.5
22.5,52.5
23.5,52.5
24.5,52.5
26.5,50.5
40.5,50.5
39.5,50.5
38.5,50.5
37.5,50.5
36.5,50.5
35.5,50.5
34.5,50.5
33.5,50.5
32.5,50.5
31.5,50.5
30.5,50.5
29.5,50.5
28.5,50.5
27.5,50.5
28.5,51.5
40.5,51.5
39.5,51.5
38.5,51.5
37.5,51.5
36.5,51.5
35.5,51.5
34.5,51.5
33.5,51.5
32.5,51.5
31.5,51.5
30.5,51.5
29.5,51.5
30.5,52.5
40.5,52.5
39.5,52.5
38.5,52.5
37.5,52.5
36.5,52.5
35.5,52.5
34.5,52.5
33.5,52.5
32.5,52.5
31.5,52.5
29.5,52.5
28.5,52.5
27.5,52.5
27.5,51.5
26.5,52.5
26.5,51.5
25.5,52.5
25.5,51.5
25.5,50.5
