x coord,y coord
49.5,24
49.5,23
49.5,22
48.5,24
48.5,23
48.5,22
47.5,24
47.5,23
47.5,22
46.5,24
46.5,23
46.5,22
45.5,24
45.5,23
45.5,22
44.5,24
44.5,23
44.5,22
43.5,24
43.5,23
43.5,22
42.5,24
42.5,23
42.5,22
49.5,38
49.5,39
49.5,40
49.5,41
49.5,42
49.5,43
49.5,44
49.5,45
49.5,46
49.5,47
49.5,48
49.5,49
49.5,37
48.5,37
48.5,38
48.5,39
48.5,40
48.5,41
48.5,42
48.5,43
48.5,44
48.5,45
48.5,46
48.5,47
48.5,48
48.5,49
47.5,37
47.5,38
47.5,39
47.5,40
47.5,41
47.5,42
47.5,43
47.5,44
47.5,45
47.5,46
47.5,47
47.5,48
47.5,49
48.5,36
49.5,36
47.5,36
46.5,36
46.5,37
46.5,38
46.5,39
46.5,40
46.5,41
46.5,42
46.5,43
46.5,44
46.5,45
46.5,46
46.5,47
46.5,49
46.5,48
45.5,36
45.5,37
45.5,38
45.5,39
45.5,40
45.5,41
45.5,42
45.5,43
45.5,44
45.5,45
45.5,46
45.5,47
45.5,48
45.5,49
46.5,35
47.5,35
48.5,35
49.5,35
45.5,35
44.5,35
44.5,36
44.5,37
44.5,38
44.5,39
44.5,40
44.5,41
44.5,42
44.5,43
44.5,44
44.5,45
44.5,46
44.5,48
44.5,49
44.5,47
43.5,35
43.5,36
43.5,37
43.5,38
43.5,39
43.5,40
43.5,41
43.5,42
43.5,43
43.5,44
43.5,45
43.5,46
43.5,47
43.5,48
43.5,49
44.5,34
45.5,34
46.5,34
47.5,34
48.5,34
49.5,34
43.5,34
42.5,34
42.5,35
42.5,36
42.5,37
42.5,38
42.5,39
42.5,40
42.5,41
42.5,42
42.5,43
42.5,44
42.5,45
42.5,47
42.5,48
42.5,49
42.5,46
42.5,33
43.5,33
44.5,33
45.5,33
46.5,33
47.5,33
48.5,33
49.5,33
42.5,32
43.5,32
44.5,32
45.5,32
46.5,32
47.5,32
48.5,32
49.5,32
42.5,31
43.5,31
44.5,31
45.5,31
46.5,31
47.5,31
48.5,31
49.5,31
42.5,30
43.5,30
44.5,30
45.5,30
46.5,30
47.5,30
48.5,30
49.5,30
42.5,29
43.5,29
44.5,29
45.5,29
46.5,29
47.5,29
48.5,29
49.5,29
42.5,28
43.5,28
44.5,28
45.5,28
46.5,28
47.5,28
48.5,28
49.5,28
42.5,27
43.5,27
44.5,27
45.5,27
46.5,27
47.5,27
48.5,27
49.5,27
42.5,26
43.5,26
44.5,26
45.5,26
46.5,26
47.5,26
48.5,26
49.5,26
42.5,25
43.5,25
44.5,25
45.5,25
46.5,25
47.5,25
48.5,25
49.5,25
50.5,24
50.5,23
50.5,22
51.5,24
51.5,23
51.5,22
52.5,24
52.5,23
52.5,22
53.5,24
53.5,23
53.5,22
54.5,24
54.5,23
54.5,22
55.5,24
55.5,23
55.5,22
56.5,24
56.5,23
56.5,22
57.5,24
57.5,23
57.5,22
58.5,24
58.5,23
58.5,22
59.5,24
59.5,23
59.5,22
60.5,24
60.5,23
60.5,22
61.5,24
61.5,23
61.5,22
62.5,24
62.5,23
62.5,22
63.5,24
63.5,23
63.5,22
64.5,24
64.5,23
64.5,22
65.5,24
65.5,23
65.5,22
50.5,25
50.5,38
50.5,39
50.5,40
50.5,41
50.5,42
50.5,43
50.5,44
50.5,45
50.5,46
50.5,47
50.5,48
50.5,49
50.5,37
50.5,36
50.5,35
50.5,34
50.5,33
50.5,32
50.5,31
50.5,30
50.5,29
50.5,28
50.5,27
50.5,26
51.5,39
51.5,40
51.5,41
51.5,42
51.5,43
51.5,44
51.5,45
51.5,46
51.5,47
51.5,48
51.5,49
51.5,38
51.5,37
51.5,36
51.5,35
51.5,34
51.5,33
51.5,32
51.5,31
51.5,30
51.5,29
51.5,28
51.5,27
51.5,26
52.5,26
52.5,39
52.5,40
52.5,41
52.5,42
52.5,43
52.5,44
52.5,45
52.5,46
52.5,47
52.5,48
52.5,49
52.5,38
52.5,37
52.5,36
52.5,35
52.5,34
52.5,33
52.5,32
52.5,31
52.5,30
52.5,29
52.5,28
52.5,27
53.5,40
53.5,41
53.5,42
53.5,43
53.5,44
53.5,45
53.5,46
53.5,47
53.5,48
53.5,49
53.5,39
53.5,38
53.5,37
53.5,36
53.5,35
53.5,34
53.5,33
53.5,32
53.5,31
53.5,30
53.5,29
53.5,28
53.5,27
54.5,27
54.5,40
54.5,41
54.5,42
54.5,43
54.5,44
54.5,45
54.5,46
54.5,47
54.5,48
54.5,49
54.5,39
54.5,38
54.5,37
54.5,36
54.5,35
54.5,34
54.5,33
54.5,32
54.5,31
54.5,30
54.5,29
54.5,28
55.5,41
55.5,42
55.5,43
55.5,44
55.5,45
55.5,46
55.5,47
55.5,48
55.5,49
55.5,40
55.5,39
55.5,38
55.5,37
55.5,36
55.5,35
55.5,34
55.5,33
55.5,32
55.5,31
55.5,30
55.5,29
55.5,28
56.5,28
56.5,41
56.5,42
56.5,43
56.5,44
56.5,45
56.5,46
56.5,47
56.5,48
56.5,49
56.5,40
56.5,39
56.5,38
56.5,37
56.5,36
56.5,35
56.5,34
56.5,33
56.5,32
56.5,31
56.5,30
56.5,29
57.5,42
57.5,43
57.5,44
57.5,45
57.5,46
57.5,47
57.5,48
57.5,49
57.5,41
57.5,40
57.5,39
57.5,38
57.5,37
57.5,36
57.5,35
57.5,34
57.5,33
57.5,32
57.5,31
57.5,30
57.5,29
58.5,29
58.5,42
58.5,43
58.5,44
58.5,45
58.5,46
58.5,47
58.5,48
58.5,49
58.5,41
58.5,40
58.5,39
58.5,38
58.5,37
58.5,36
58.5,35
58.5,34
58.5,33
58.5,32
58.5,31
58.5,30
59.5,43
59.5,44
59.5,45
59.5,46
59.5,47
59.5,48
59.5,49
59.5,42
59.5,41
59.5,40
59.5,39
59.5,38
59.5,37
59.5,36
59.5,35
59.5,34
59.5,33
59.5,32
59.5,31
59.5,30
60.5,30
60.5,43
60.5,44
60.5,45
60.5,46
60.5,47
60.5,48
60.5,49
60.5,42
60.5,41
60.5,40
60.5,39
60.5,38
60.5,37
60.5,36
60.5,35
60.5,34
60.5,33
60.5,32
60.5,31
61.5,44
61.5,45
61.5,46
61.5,47
61.5,48
61.5,49
61.5,43
61.5,42
61.5,41
61.5,40
61.5,39
61.5,38
61.5,37
61.5,36
61.5,35
61.5,34
61.5,33
61.5,32
61.5,31
62.5,31
62.5,44
62.5,45
62.5,46
62.5,47
62.5,48
62.5,49
62.5,43
62.5,42
62.5,41
62.5,40
62.5,39
62.5,38
62.5,37
62.5,36
62.5,35
62.5,34
62.5,33
62.5,32
63.5,45
63.5,46
63.5,47
63.5,48
63.5,49
63.5,44
63.5,43
63.5,42
63.5,41
63.5,40
63.5,39
63.5,38
63.5,37
63.5,36
63.5,35
63.5,34
63.5,33
63.5,32
64.5,32
64.5,45
64.5,46
64.5,47
64.5,48
64.5,49
64.5,44
64.5,43
64.5,42
64.5,41
64.5,40
64.5,39
64.5,38
64.5,37
64.5,36
64.5,35
64.5,34
64.5,33
65.5,46
65.5,47
65.5,48
65.5,49
65.5,45
65.5,44
65.5,43
65.5,42
65.5,41
65.5,40
65.5,39
65.5,38
65.5,37
65.5,36
65.5,35
65.5,34
65.5,33
65.5,32
65.5,31
64.5,31
63.5,31
65.5,30
64.5,30
63.5,30
62.5,30
61.5,30
65.5,29
64.5,29
63.5,29
62.5,29
61.5,29
60.5,29
59.5,29
65.5,28
64.5,28
63.5,28
62.5,28
61.5,28
60.5,28
59.5,28
58.5,28
57.5,28
65.5,27
64.5,27
63.5,27
62.5,27
61.5,27
60.5,27
59.5,27
58.5,27
57.5,27
56.5,27
55.5,27
65.5,26
64.5,26
63.5,26
62.5,26
61.5,26
60.5,26
59.5,26
58.5,26
57.5,26
56.5,26
55.5,26
54.5,26
53.5,26
65.5,25
64.5,25
63.5,25
62.5,25
61.5,25
60.5,25
59.5,25
58.5,25
57.5,25
56.5,25
55.5,25
54.5,25
53.5,25
52.5,25
51.5,25
49.5,50
48.5,50
47.5,50
46.5,50
45.5,50
44.5,50
43.5,50
42.5,50
49.5,51
48.5,51
47.5,51
46.5,51
45.5,51
44.5,51
43.5,51
42.5,51
49.5,52
48.5,52
47.5,52
46.5,52
45.5,52
44.5,52
43.5,52
42.5,52
49.5,53
48.5,53
47.5,53
46.5,53
45.5,53
44.5,53
43.5,53
42.5,53
49.5,54
48.5,54
47.5,54
46.5,54
45.5,54
44.5,54
43.5,54
42.5,54
49.5,55
48.5,55
47.5,55
46.5,55
45.5,55
44.5,55
43.5,55
42.5,55
49.5,56
48.5,56
47.5,56
46.5,56
45.5,56
44.5,56
43.5,56
42.5,56
49.5,57
48.5,57
47.5,57
46.5,57
45.5,57
44.5,57
43.5,57
42.5,57
49.5,58
48.5,58
47.5,58
46.5,58
45.5,58
44.5,58
43.5,58
42.5,58
43.5,59
49.5,59
48.5,59
47.5,59
46.5,59
45.5,59
44.5,59
45.5,60
49.5,60
48.5,60
47.5,60
46.5,60
47.5,61
49.5,61
48.5,61
49.5,62
49.5,65
49.5,64
49.5,63
48.5,65
48.5,64
48.5,63
48.5,62
47.5,65
47.5,64
47.5,63
47.5,62
46.5,65
46.5,64
46.5,63
46.5,62
46.5,61
45.5,65
45.5,64
45.5,63
45.5,62
45.5,61
44.5,65
44.5,64
44.5,63
44.5,62
44.5,61
44.5,60
43.5,65
43.5,64
43.5,63
43.5,62
43.5,61
43.5,60
42.5,65
42.5,64
42.5,63
42.5,62
42.5,61
42.5,60
42.5,59
51.5,50
52.5,50
53.5,50
54.5,50
55.5,50
56.5,50
57.5,50
58.5,50
59.5,50
60.5,50
61.5,50
62.5,50
63.5,50
64.5,50
65.5,50
50.5,50
50.5,51
50.5,52
50.5,53
50.5,54
50.5,55
50.5,56
50.5,57
50.5,58
50.5,59
50.5,60
50.5,61
50.5,62
50.5,65
50.5,64
50.5,63
51.5,51
51.5,52
51.5,53
51.5,54
51.5,55
51.5,56
51.5,57
51.5,58
51.5,59
51.5,60
51.5,61
51.5,62
51.5,63
51.5,65
51.5,64
53.5,51
54.5,51
55.5,51
56.5,51
57.5,51
58.5,51
59.5,51
60.5,51
61.5,51
62.5,51
63.5,51
64.5,51
65.5,51
52.5,51
52.5,52
52.5,53
52.5,54
52.5,55
52.5,56
52.5,57
52.5,58
52.5,59
52.5,60
52.5,61
52.5,62
52.5,63
52.5,65
52.5,64
53.5,52
53.5,53
53.5,54
53.5,55
53.5,56
53.5,57
53.5,58
53.5,59
53.5,60
53.5,61
53.5,62
53.5,63
53.5,64
53.5,65
55.5,52
56.5,52
57.5,52
58.5,52
59.5,52
60.5,52
61.5,52
62.5,52
63.5,52
64.5,52
65.5,52
54.5,52
54.5,53
54.5,54
54.5,55
54.5,56
54.5,57
54.5,58
54.5,59
54.5,60
54.5,61
54.5,62
54.5,63
54.5,64
54.5,65
55.5,53
55.5,54
55.5,55
55.5,56
55.5,57
55.5,58
55.5,59
55.5,60
55.5,61
55.5,62
55.5,63
55.5,64
55.5,65
57.5,53
58.5,53
59.5,53
60.5,53
61.5,53
62.5,53
63.5,53
64.5,53
65.5,53
56.5,53
56.5,54
56.5,55
56.5,56
56.5,57
56.5,58
56.5,59
56.5,60
56.5,61
56.5,62
56.5,63
56.5,64
56.5,65
57.5,54
57.5,55
57.5,56
57.5,57
57.5,58
57.5,59
57.5,60
57.5,61
57.5,62
57.5,63
57.5,64
57.5,65
59.5,54
60.5,54
61.5,54
62.5,54
63.5,54
64.5,54
65.5,54
58.5,54
58.5,55
58.5,56
58.5,57
58.5,58
58.5,59
58.5,60
58.5,61
58.5,62
58.5,63
58.5,64
58.5,65
59.5,55
59.5,56
59.5,57
59.5,58
59.5,59
59.5,60
59.5,61
59.5,62
59.5,63
59.5,64
59.5,65
61.5,55
62.5,55
63.5,55
64.5,55
65.5,55
60.5,55
60.5,56
60.5,57
60.5,58
60.5,59
60.5,60
60.5,61
60.5,62
60.5,63
60.5,64
60.5,65
61.5,56
61.5,57
61.5,58
61.5,59
61.5,60
61.5,61
61.5,62
61.5,63
61.5,64
61.5,65
63.5,56
64.5,56
65.5,56
62.5,56
62.5,57
62.5,58
62.5,59
62.5,60
62.5,61
62.5,62
62.5,63
62.5,64
62.5,65
63.5,57
63.5,58
63.5,59
63.5,60
63.5,61
63.5,62
63.5,63
63.5,64
63.5,65
65.5,57
64.5,57
64.5,58
64.5,59
64.5,60
64.5,61
64.5,62
64.5,63
64.5,64
64.5,65
65.5,58
65.5,59
65.5,60
65.5,61
65.5,62
65.5,63
65.5,64
65.5,65
