x coord,y coord
67.5,0.5
68.5,0.5
69.5,0.5
70.5,0.5
71.5,0.5
72.5,0.5
73.5,0.5
74.5,0.5
67.5,1.5
68.5,1.5
69.5,1.5
70.5,1.5
71.5,1.5
72.5,1.5
73.5,1.5
74.5,1.5
67.5,2.5
68.5,2.5
69.5,2.5
70.5,2.5
71.5,2.5
72.5,2.5
73.5,2.5
74.5,2.5
67.5,3.5
68.5,3.5
69.5,3.5
70.5,3.5
71.5,3.5
72.5,3.5
73.5,3.5
74.5,3.5
67.5,4.5
68.5,4.5
69.5,4.5
70.5,4.5
71.5,4.5
72.5,4.5
73.5,4.5
74.5,4.5
67.5,5.5
68.5,5.5
69.5,5.5
70.5,5.5
71.5,5.5
72.5,5.5
73.5,5.5
74.5,5.5
67.5,6.5
68.5,6.5
69.5,6.5
70.5,6.5
71.5,6.5
72.5,6.5
73.5,6.5
74.5,6.5
67.5,7.5
68.5,7.5
69.5,7.5
70.5,7.5
71.5,7.5
72.5,7.5
73.5,7.5
74.5,7.5
68.5,8.5
69.5,8.5
70.5,8.5
71.5,8.5
72.5,8.5
73.5,8.5
74.5,8.5
67.5,8.5
67.5,9.5
67.5,10.5
67.5,11.5
67.5,12.5
67.5,13.5
67.5,14.5
67.5,15.5
67.5,16.5
67.5,17.5
67.5,18.5
67.5,19.5
67.5,20.5
67.5,24.5
67.5,23.5
67.5,22.5
67.5,21.5
68.5,9.5
68.5,10.5
68.5,11.5
68.5,12.5
68.5,13.5
68.5,14.5
68.5,15.5
68.5,16.5
68.5,17.5
68.5,18.5
68.5,19.5
68.5,20.5
68.5,21.5
68.5,24.5
68.5,23.5
68.5,22.5
70.5,9.5
71.5,9.5
72.5,9.5
73.5,9.5
74.5,9.5
69.5,9.5
69.5,10.5
69.5,11.5
69.5,12.5
69.5,13.5
69.5,14.5
69.5,15.5
69.5,16.5
69.5,17.5
69.5,18.5
69.5,19.5
69.5,20.5
69.5,21.5
69.5,24.5
69.5,23.5
69.5,22.5
70.5,10.5
70.5,11.5
70.5,12.5
70.5,13.5
70.5,14.5
70.5,15.5
70.5,16.5
70.5,17.5
70.5,18.5
70.5,19.5
70.5,20.5
70.5,21.5
70.5,22.5
70.5,24.5
70.5,23.5
72.5,10.5
73.5,10.5
74.5,10.5
71.5,10.5
71.5,11.5
71.5,12.5
71.5,13.5
71.5,14.5
71.5,15.5
71.5,16.5
71.5,17.5
71.5,18.5
71.5,19.5
71.5,20.5
71.5,21.5
71.5,22.5
71.5,24.5
71.5,23.5
72.5,11.5
72.5,12.5
72.5,13.5
72.5,14.5
72.5,15.5
72.5,16.5
72.5,17.5
72.5,18.5
72.5,19.5
72.5,20.5
72.5,21.5
72.5,22.5
72.5,23.5
72.5,24.5
74.5,11.5
73.5,11.5
73.5,12.5
73.5,13.5
73.5,14.5
73.5,15.5
73.5,16.5
73.5,17.5
73.5,18.5
73.5,19.5
73.5,20.5
73.5,21.5
73.5,22.5
73.5,23.5
73.5,24.5
74.5,12.5
74.5,13.5
74.5,14.5
74.5,15.5
74.5,16.5
74.5,17.5
74.5,18.5
74.5,19.5
74.5,20.5
74.5,21.5
74.5,22.5
74.5,23.5
74.5,24.5
76.5,0.5
90.5,0.5
89.5,0.5
88.5,0.5
87.5,0.5
86.5,0.5
85.5,0.5
84.5,0.5
83.5,0.5
82.5,0.5
81.5,0.5
80.5,0.5
79.5,0.5
78.5,0.5
77.5,0.5
78.5,1.5
90.5,1.5
89.5,1.5
88.5,1.5
87.5,1.5
86.5,1.5
85.5,1.5
84.5,1.5
83.5,1.5
82.5,1.5
81.5,1.5
80.5,1.5
79.5,1.5
80.5,2.5
90.5,2.5
89.5,2.5
88.5,2.5
87.5,2.5
86.5,2.5
85.5,2.5
84.5,2.5
83.5,2.5
82.5,2.5
81.5,2.5
82.5,3.5
90.5,3.5
89.5,3.5
88.5,3.5
87.5,3.5
86.5,3.5
85.5,3.5
84.5,3.5
83.5,3.5
84.5,4.5
90.5,4.5
89.5,4.5
88.5,4.5
87.5,4.5
86.5,4.5
85.5,4.5
86.5,5.5
90.5,5.5
89.5,5.5
88.5,5.5
87.5,5.5
88.5,6.5
90.5,6.5
89.5,6.5
90.5,7.5
90.5,24.5
90.5,23.5
90.5,22.5
90.5,21.5
90.5,20.5
90.5,19.5
90.5,18.5
90.5,17.5
90.5,16.5
90.5,15.5
90.5,14.5
90.5,13.5
90.5,12.5
90.5,11.5
90.5,10.5
90.5,9.5
90.5,8.5
89.5,24.5
89.5,23.5
89.5,22.5
89.5,21.5
89.5,20.5
89.5,19.5
89.5,18.5
89.5,17.5
89.5,16.5
89.5,15.5
89.5,14.5
89.5,13.5
89.5,12.5
89.5,11.5
89.5,10.5
89.5,9.5
89.5,8.5
89.5,7.5
88.5,24.5
88.5,23.5
88.5,22.5
88.5,21.5
88.5,20.5
88.5,19.5
88.5,18.5
88.5,17.5
88.5,16.5
88.5,15.5
88.5,14.5
88.5,13.5
88.5,12.5
88.5,11.5
88.5,10.5
88.5,9.5
88.5,8.5
88.5,7.5
87.5,24.5
87.5,23.5
87.5,22.5
87.5,21.5
87.5,20.5
87.5,19.5
87.5,18.5
87.5,17.5
87.5,16.5
87.5,15.5
87.5,14.5
87.5,13.5
87.5,12.5
87.5,11.5
87.5,10.5
87.5,9.5
87.5,8.5
87.5,7.5
87.5,6.5
86.5,24.5
86.5,23.5
86.5,22.5
86.5,21.5
86.5,20.5
86.5,19.5
86.5,18.5
86.5,17.5
86.5,16.5
86.5,15.5
86.5,14.5
86.5,13.5
86.5,12.5
86.5,11.5
86.5,10.5
86.5,9.5
86.5,8.5
86.5,7.5
86.5,6.5
85.5,24.5
85.5,23.5
85.5,22.5
85.5,21.5
85.5,20.5
85.5,19.5
85.5,18.5
85.5,17.5
85.5,16.5
85.5,15.5
85.5,14.5
85.5,13.5
85.5,12.5
85.5,11.5
85.5,10.5
85.5,9.5
85.5,8.5
85.5,7.5
85.5,6.5
85.5,5.5
84.5,24.5
84.5,23.5
84.5,22.5
84.5,21.5
84.5,20.5
84.5,19.5
84.5,18.5
84.5,17.5
84.5,16.5
84.5,15.5
84.5,14.5
84.5,13.5
84.5,12.5
84.5,11.5
84.5,10.5
84.5,9.5
84.5,8.5
84.5,7.5
84.5,6.5
84.5,5.5
83.5,24.5
83.5,23.5
83.5,22.5
83.5,21.5
83.5,20.5
83.5,19.5
83.5,18.5
83.5,17.5
83.5,16.5
83.5,15.5
83.5,14.5
83.5,13.5
83.5,12.5
83.5,11.5
83.5,10.5
83.5,9.5
83.5,8.5
83.5,7.5
83.5,6.5
83.5,5.5
83.5,4.5
82.5,24.5
82.5,23.5
82.5,22.5
82.5,21.5
82.5,20.5
82.5,19.5
82.5,18.5
82.5,17.5
82.5,16.5
82.5,15.5
82.5,14.5
82.5,13.5
82.5,12.5
82.5,11.5
82.5,10.5
82.5,9.5
82.5,8.5
82.5,7.5
82.5,6.5
82.5,5.5
82.5,4.5
81.5,24.5
81.5,23.5
81.5,22.5
81.5,21.5
81.5,20.5
81.5,19.5
81.5,18.5
81.5,17.5
81.5,16.5
81.5,15.5
81.5,14.5
81.5,13.5
81.5,12.5
81.5,11.5
81.5,10.5
81.5,9.5
81.5,8.5
81.5,7.5
81.5,6.5
81.5,5.5
81.5,4.5
81.5,3.5
80.5,24.5
80.5,23.5
80.5,22.5
80.5,21.5
80.5,20.5
80.5,19.5
80.5,18.5
80.5,17.5
80.5,16.5
80.5,15.5
80.5,14.5
80.5,13.5
80.5,12.5
80.5,11.5
80.5,10.5
80.5,9.5
80.5,8.5
80.5,7.5
80.5,6.5
80.5,5.5
80.5,4.5
80.5,3.5
79.5,24.5
79.5,23.5
79.5,22.5
79.5,21.5
79.5,20.5
79.5,19.5
79.5,18.5
79.5,17.5
79.5,16.5
79.5,15.5
79.5,14.5
79.5,13.5
79.5,12.5
79.5,11.5
79.5,10.5
79.5,9.5
79.5,8.5
79.5,7.5
79.5,6.5
79.5,5.5
79.5,4.5
79.5,3.5
79.5,2.5
78.5,24.5
78.5,23.5
78.5,22.5
78.5,21.5
78.5,20.5
78.5,19.5
78.5,18.5
78.5,17.5
78.5,16.5
78.5,15.5
78.5,14.5
78.5,13.5
78.5,12.5
78.5,11.5
78.5,10.5
78.5,9.5
78.5,8.5
78.5,7.5
78.5,6.5
78.5,5.5
78.5,4.5
78.5,3.5
78.5,2.5
77.5,24.5
77.5,23.5
77.5,22.5
77.5,21.5
77.5,20.5
77.5,19.5
77.5,18.5
77.5,17.5
77.5,16.5
77.5,15.5
77.5,14.5
77.5,13.5
77.5,12.5
77.5,11.5
77.5,10.5
77.5,9.5
77.5,8.5
77.5,7.5
77.5,6.5
77.5,5.5
77.5,4.5
77.5,3.5
77.5,2.5
77.5,1.5
76.5,24.5
76.5,23.5
76.5,22.5
76.5,21.5
76.5,20.5
76.5,19.5
76.5,18.5
76.5,17.5
76.5,16.5
76.5,15.5
76.5,14.5
76.5,13.5
76.5,12.5
76.5,11.5
76.5,10.5
76.5,9.5
76.5,8.5
76.5,7.5
76.5,6.5
76.5,5.5
76.5,4.5
76.5,3.5
76.5,2.5
76.5,1.5
75.5,24.5
75.5,23.5
75.5,22.5
75.5,21.5
75.5,20.5
75.5,19.5
75.5,18.5
75.5,17.5
75.5,16.5
75.5,15.5
75.5,14.5
75.5,13.5
75.5,12.5
75.5,11.5
75.5,10.5
75.5,9.5
75.5,8.5
75.5,7.5
75.5,6.5
75.5,5.5
75.5,4.5
75.5,3.5
75.5,2.5
75.5,1.5
75.5,0.5
74.5,27.5
73.5,27.5
72.5,27.5
71.5,27.5
70.5,27.5
69.5,27.5
68.5,27.5
67.5,27.5
74.5,26.5
73.5,26.5
72.5,26.5
71.5,26.5
70.5,26.5
69.5,26.5
68.5,26.5
67.5,26.5
74.5,25.5
73.5,25.5
72.5,25.5
71.5,25.5
70.5,25.5
69.5,25.5
68.5,25.5
67.5,25.5
81.5,27.5
82.5,27.5
83.5,27.5
84.5,27.5
85.5,27.5
86.5,27.5
87.5,27.5
88.5,27.5
89.5,27.5
90.5,27.5
80.5,27.5
79.5,27.5
78.5,27.5
79.5,26.5
80.5,26.5
81.5,26.5
82.5,26.5
83.5,26.5
84.5,26.5
85.5,26.5
86.5,26.5
87.5,26.5
88.5,26.5
89.5,26.5
90.5,26.5
78.5,26.5
77.5,26.5
77.5,27.5
76.5,26.5
76.5,27.5
77.5,25.5
78.5,25.5
79.5,25.5
80.5,25.5
81.5,25.5
82.5,25.5
83.5,25.5
84.5,25.5
85.5,25.5
86.5,25.5
87.5,25.5
88.5,25.5
89.5,25.5
90.5,25.5
76.5,25.5
75.5,25.5
75.5,26.5
75.5,27.5
67.5,96.5
67.5,97.5
67.5,98.5
67.5,99.5
67.5,95.5
67.5,94.5
67.5,93.5
67.5,92.5
67.5,91.5
67.5,90.5
67.5,89.5
67.5,88.5
67.5,87.5
67.5,86.5
67.5,85.5
67.5,84.5
68.5,97.5
68.5,98.5
68.5,99.5
68.5,96.5
68.5,95.5
68.5,94.5
68.5,93.5
68.5,92.5
68.5,91.5
68.5,90.5
68.5,89.5
68.5,88.5
68.5,87.5
68.5,86.5
68.5,85.5
68.5,84.5
69.5,84.5
69.5,97.5
69.5,98.5
69.5,99.5
69.5,96.5
69.5,95.5
69.5,94.5
69.5,93.5
69.5,92.5
69.5,91.5
69.5,90.5
69.5,89.5
69.5,88.5
69.5,87.5
69.5,86.5
69.5,85.5
70.5,98.5
70.5,99.5
70.5,97.5
70.5,96.5
70.5,95.5
70.5,94.5
70.5,93.5
70.5,92.5
70.5,91.5
70.5,90.5
70.5,89.5
70.5,88.5
70.5,87.5
70.5,86.5
70.5,85.5
71.5,85.5
71.5,98.5
71.5,99.5
71.5,97.5
71.5,96.5
71.5,95.5
71.5,94.5
71.5,93.5
71.5,92.5
71.5,91.5
71.5,90.5
71.5,89.5
71.5,88.5
71.5,87.5
71.5,86.5
72.5,99.5
72.5,98.5
72.5,97.5
72.5,96.5
72.5,95.5
72.5,94.5
72.5,93.5
72.5,92.5
72.5,91.5
72.5,90.5
72.5,89.5
72.5,88.5
72.5,87.5
72.5,86.5
73.5,86.5
73.5,99.5
73.5,98.5
73.5,97.5
73.5,96.5
73.5,95.5
73.5,94.5
73.5,93.5
73.5,92.5
73.5,91.5
73.5,90.5
73.5,89.5
73.5,88.5
73.5,87.5
74.5,99.5
74.5,98.5
74.5,97.5
74.5,96.5
74.5,95.5
74.5,94.5
74.5,93.5
74.5,92.5
74.5,91.5
74.5,90.5
74.5,89.5
74.5,88.5
74.5,87.5
74.5,86.5
74.5,85.5
73.5,85.5
72.5,85.5
74.5,84.5
73.5,84.5
72.5,84.5
71.5,84.5
70.5,84.5
90.5,84.5
90.5,85.5
90.5,86.5
90.5,87.5
90.5,88.5
90.5,89.5
90.5,90.5
90.5,91.5
90.5,92.5
90.5,93.5
90.5,94.5
90.5,95.5
90.5,96.5
90.5,97.5
90.5,98.5
90.5,99.5
89.5,84.5
89.5,85.5
89.5,86.5
89.5,87.5
89.5,88.5
89.5,89.5
89.5,90.5
89.5,91.5
89.5,92.5
89.5,93.5
89.5,95.5
89.5,96.5
89.5,97.5
89.5,98.5
89.5,99.5
89.5,94.5
88.5,84.5
88.5,85.5
88.5,86.5
88.5,87.5
88.5,88.5
88.5,89.5
88.5,90.5
88.5,91.5
88.5,92.5
88.5,93.5
88.5,94.5
88.5,95.5
88.5,96.5
88.5,97.5
88.5,98.5
88.5,99.5
87.5,84.5
87.5,85.5
87.5,86.5
87.5,87.5
87.5,88.5
87.5,89.5
87.5,90.5
87.5,91.5
87.5,92.5
87.5,94.5
87.5,95.5
87.5,96.5
87.5,97.5
87.5,98.5
87.5,99.5
87.5,93.5
86.5,84.5
86.5,85.5
86.5,86.5
86.5,87.5
86.5,88.5
86.5,89.5
86.5,90.5
86.5,91.5
86.5,92.5
86.5,93.5
86.5,94.5
86.5,95.5
86.5,96.5
86.5,97.5
86.5,98.5
86.5,99.5
85.5,84.5
85.5,85.5
85.5,86.5
85.5,87.5
85.5,88.5
85.5,89.5
85.5,90.5
85.5,91.5
85.5,93.5
85.5,94.5
85.5,95.5
85.5,96.5
85.5,97.5
85.5,98.5
85.5,99.5
85.5,92.5
84.5,84.5
84.5,85.5
84.5,86.5
84.5,87.5
84.5,88.5
84.5,89.5
84.5,90.5
84.5,91.5
84.5,92.5
84.5,93.5
84.5,94.5
84.5,95.5
84.5,96.5
84.5,97.5
84.5,98.5
84.5,99.5
83.5,84.5
83.5,85.5
83.5,86.5
83.5,87.5
83.5,88.5
83.5,89.5
83.5,90.5
83.5,92.5
83.5,93.5
83.5,94.5
83.5,95.5
83.5,96.5
83.5,97.5
83.5,98.5
83.5,99.5
83.5,91.5
82.5,84.5
82.5,85.5
82.5,86.5
82.5,87.5
82.5,88.5
82.5,89.5
82.5,90.5
82.5,91.5
82.5,92.5
82.5,93.5
82.5,94.5
82.5,95.5
82.5,96.5
82.5,97.5
82.5,98.5
82.5,99.5
81.5,84.5
81.5,85.5
81.5,86.5
81.5,87.5
81.5,88.5
81.5,89.5
81.5,91.5
81.5,92.5
81.5,93.5
81.5,94.5
81.5,95.5
81.5,96.5
81.5,97.5
81.5,98.5
81.5,99.5
81.5,90.5
80.5,84.5
80.5,85.5
80.5,86.5
80.5,87.5
80.5,88.5
80.5,89.5
80.5,90.5
80.5,91.5
80.5,92.5
80.5,93.5
80.5,94.5
80.5,95.5
80.5,96.5
80.5,97.5
80.5,98.5
80.5,99.5
79.5,84.5
79.5,85.5
79.5,86.5
79.5,87.5
79.5,88.5
79.5,90.5
79.5,91.5
79.5,92.5
79.5,93.5
79.5,94.5
79.5,95.5
79.5,96.5
79.5,97.5
79.5,98.5
79.5,99.5
79.5,89.5
78.5,84.5
78.5,85.5
78.5,86.5
78.5,87.5
78.5,88.5
78.5,89.5
78.5,90.5
78.5,91.5
78.5,92.5
78.5,93.5
78.5,94.5
78.5,95.5
78.5,96.5
78.5,97.5
78.5,98.5
78.5,99.5
77.5,84.5
77.5,85.5
77.5,86.5
77.5,87.5
77.5,89.5
77.5,90.5
77.5,91.5
77.5,92.5
77.5,93.5
77.5,94.5
77.5,95.5
77.5,96.5
77.5,97.5
77.5,98.5
77.5,99.5
77.5,88.5
76.5,84.5
76.5,85.5
76.5,86.5
76.5,87.5
76.5,88.5
76.5,89.5
76.5,90.5
76.5,91.5
76.5,92.5
76.5,93.5
76.5,94.5
76.5,95.5
76.5,96.5
76.5,97.5
76.5,98.5
76.5,99.5
75.5,84.5
75.5,85.5
75.5,86.5
75.5,88.5
75.5,89.5
75.5,90.5
75.5,91.5
75.5,92.5
75.5,93.5
75.5,94.5
75.5,95.5
75.5,96.5
75.5,97.5
75.5,98.5
75.5,99.5
75.5,87.5
