x coord,y coord
52.5,39
52.5,40
52.5,41
52.5,42
52.5,43
52.5,44
52.5,45
52.5,46
52.5,47
52.5,48
52.5,49
52.5,38
52.5,37
52.5,36
52.5,35
52.5,34
52.5,33
52.5,32
52.5,31
52.5,30
52.5,29
52.5,28
52.5,27
53.5,40
53.5,41
53.5,42
53.5,43
53.5,44
53.5,45
53.5,46
53.5,47
53.5,48
53.5,49
53.5,39
53.5,38
53.5,37
53.5,36
53.5,35
53.5,34
53.5,33
53.5,32
53.5,31
53.5,30
53.5,29
53.5,28
53.5,27
54.5,27
54.5,40
54.5,41
54.5,42
54.5,43
54.5,44
54.5,45
54.5,46
54.5,47
54.5,48
54.5,49
54.5,39
54.5,38
54.5,37
54.5,36
54.5,35
54.5,34
54.5,33
54.5,32
54.5,31
54.5,30
54.5,29
54.5,28
55.5,41
55.5,42
55.5,43
55.5,44
55.5,45
55.5,46
55.5,47
55.5,48
55.5,49
55.5,40
55.5,39
55.5,38
55.5,37
55.5,36
55.5,35
55.5,34
55.5,33
55.5,32
55.5,31
55.5,30
55.5,29
55.5,28
56.5,28
56.5,41
56.5,42
56.5,43
56.5,44
56.5,45
56.5,46
56.5,47
56.5,48
56.5,49
56.5,40
56.5,39
56.5,38
56.5,37
56.5,36
56.5,35
56.5,34
56.5,33
56.5,32
56.5,31
56.5,30
56.5,29
57.5,42
57.5,43
57.5,44
57.5,45
57.5,46
57.5,47
57.5,48
57.5,49
57.5,41
57.5,40
57.5,39
57.5,38
57.5,37
57.5,36
57.5,35
57.5,34
57.5,33
57.5,32
57.5,31
57.5,30
57.5,29
58.5,29
58.5,42
58.5,43
58.5,44
58.5,45
58.5,46
58.5,47
58.5,48
58.5,49
58.5,41
58.5,40
58.5,39
58.5,38
58.5,37
58.5,36
58.5,35
58.5,34
58.5,33
58.5,32
58.5,31
58.5,30
59.5,43
59.5,44
59.5,45
59.5,46
59.5,47
59.5,48
59.5,49
59.5,42
59.5,41
59.5,40
59.5,39
59.5,38
59.5,37
59.5,36
59.5,35
59.5,34
59.5,33
59.5,32
59.5,31
59.5,30
60.5,30
60.5,43
60.5,44
60.5,45
60.5,46
60.5,47
60.5,48
60.5,49
60.5,42
60.5,41
60.5,40
60.5,39
60.5,38
60.5,37
60.5,36
60.5,35
60.5,34
60.5,33
60.5,32
60.5,31
61.5,44
61.5,45
61.5,46
61.5,47
61.5,48
61.5,49
61.5,43
61.5,42
61.5,41
61.5,40
61.5,39
61.5,38
61.5,37
61.5,36
61.5,35
61.5,34
61.5,33
61.5,32
61.5,31
62.5,31
62.5,44
62.5,45
62.5,46
62.5,47
62.5,48
62.5,49
62.5,43
62.5,42
62.5,41
62.5,40
62.5,39
62.5,38
62.5,37
62.5,36
62.5,35
62.5,34
62.5,33
62.5,32
63.5,45
63.5,46
63.5,47
63.5,48
63.5,49
63.5,44
63.5,43
63.5,42
63.5,41
63.5,40
63.5,39
63.5,38
63.5,37
63.5,36
63.5,35
63.5,34
63.5,33
63.5,32
64.5,32
64.5,45
64.5,46
64.5,47
64.5,48
64.5,49
64.5,44
64.5,43
64.5,42
64.5,41
64.5,40
64.5,39
64.5,38
64.5,37
64.5,36
64.5,35
64.5,34
64.5,33
65.5,46
65.5,47
65.5,48
65.5,49
65.5,45
65.5,44
65.5,43
65.5,42
65.5,41
65.5,40
65.5,39
65.5,38
65.5,37
65.5,36
65.5,35
65.5,34
65.5,33
66.5,33
66.5,46
66.5,47
66.5,48
66.5,49
66.5,45
66.5,44
66.5,43
66.5,42
66.5,41
66.5,40
66.5,39
66.5,38
66.5,37
66.5,36
66.5,35
66.5,34
67.5,47
67.5,48
67.5,49
67.5,46
67.5,45
67.5,44
67.5,43
67.5,42
67.5,41
67.5,40
67.5,39
67.5,38
67.5,37
67.5,36
67.5,35
67.5,34
68.5,34
68.5,47
68.5,48
68.5,49
68.5,46
68.5,45
68.5,44
68.5,43
68.5,42
68.5,41
68.5,40
68.5,39
68.5,38
68.5,37
68.5,36
68.5,35
69.5,48
69.5,49
69.5,47
69.5,46
69.5,45
69.5,44
69.5,43
69.5,42
69.5,41
69.5,40
69.5,39
69.5,38
69.5,37
69.5,36
69.5,35
70.5,35
70.5,48
70.5,49
70.5,47
70.5,46
70.5,45
70.5,44
70.5,43
70.5,42
70.5,41
70.5,40
70.5,39
70.5,38
70.5,37
70.5,36
71.5,49
71.5,48
71.5,47
71.5,46
71.5,45
71.5,44
71.5,43
71.5,42
71.5,41
71.5,40
71.5,39
71.5,38
71.5,37
71.5,36
72.5,36
72.5,49
72.5,48
72.5,47
72.5,46
72.5,45
72.5,44
72.5,43
72.5,42
72.5,41
72.5,40
72.5,39
72.5,38
72.5,37
73.5,49
73.5,48
73.5,47
73.5,46
73.5,45
73.5,44
73.5,43
73.5,42
73.5,41
73.5,40
73.5,39
73.5,38
73.5,37
74.5,37
74.5,49
74.5,48
74.5,47
74.5,46
74.5,45
74.5,44
74.5,43
74.5,42
74.5,41
74.5,40
74.5,39
74.5,38
74.5,36
73.5,36
74.5,35
73.5,35
72.5,35
71.5,35
74.5,34
73.5,34
72.5,34
71.5,34
70.5,34
69.5,34
74.5,33
73.5,33
72.5,33
71.5,33
70.5,33
69.5,33
68.5,33
67.5,33
74.5,32
73.5,32
72.5,32
71.5,32
70.5,32
69.5,32
68.5,32
67.5,32
66.5,32
65.5,32
74.5,31
73.5,31
72.5,31
71.5,31
70.5,31
69.5,31
68.5,31
67.5,31
66.5,31
65.5,31
64.5,31
63.5,31
74.5,30
73.5,30
72.5,30
71.5,30
70.5,30
69.5,30
68.5,30
67.5,30
66.5,30
65.5,30
64.5,30
63.5,30
62.5,30
61.5,30
74.5,29
73.5,29
72.5,29
71.5,29
70.5,29
69.5,29
68.5,29
67.5,29
66.5,29
65.5,29
64.5,29
63.5,29
62.5,29
61.5,29
60.5,29
59.5,29
74.5,28
73.5,28
72.5,28
71.5,28
70.5,28
69.5,28
68.5,28
67.5,28
66.5,28
65.5,28
64.5,28
63.5,28
62.5,28
61.5,28
60.5,28
59.5,28
58.5,28
57.5,28
74.5,27
73.5,27
72.5,27
71.5,27
70.5,27
69.5,27
68.5,27
67.5,27
66.5,27
65.5,27
64.5,27
63.5,27
62.5,27
61.5,27
60.5,27
59.5,27
58.5,27
57.5,27
56.5,27
55.5,27
75.5,27
75.5,28
75.5,29
75.5,30
75.5,31
75.5,32
75.5,33
75.5,34
75.5,35
75.5,36
75.5,37
75.5,38
75.5,39
75.5,40
75.5,41
75.5,42
75.5,43
75.5,44
75.5,45
75.5,46
75.5,47
75.5,48
75.5,49
52.5,50
53.5,50
54.5,50
55.5,50
56.5,50
57.5,50
58.5,50
59.5,50
60.5,50
61.5,50
62.5,50
63.5,50
64.5,50
65.5,50
66.5,50
67.5,50
68.5,50
69.5,50
70.5,50
71.5,50
72.5,50
73.5,50
74.5,50
53.5,51
54.5,51
55.5,51
56.5,51
57.5,51
58.5,51
59.5,51
60.5,51
61.5,51
62.5,51
63.5,51
64.5,51
65.5,51
66.5,51
67.5,51
68.5,51
69.5,51
70.5,51
71.5,51
72.5,51
73.5,51
74.5,51
52.5,51
52.5,52
52.5,53
52.5,54
52.5,55
52.5,56
52.5,57
52.5,58
52.5,59
52.5,60
52.5,61
52.5,62
52.5,63
52.5,70
52.5,69
52.5,68
52.5,67
52.5,66
52.5,65
52.5,64
53.5,52
53.5,53
53.5,54
53.5,55
53.5,56
53.5,57
53.5,58
53.5,59
53.5,60
53.5,61
53.5,62
53.5,63
53.5,64
53.5,70
53.5,69
53.5,68
53.5,67
53.5,66
53.5,65
55.5,52
56.5,52
57.5,52
58.5,52
59.5,52
60.5,52
61.5,52
62.5,52
63.5,52
64.5,52
65.5,52
66.5,52
67.5,52
68.5,52
69.5,52
70.5,52
71.5,52
72.5,52
73.5,52
74.5,52
54.5,52
54.5,53
54.5,54
54.5,55
54.5,56
54.5,57
54.5,58
54.5,59
54.5,60
54.5,61
54.5,62
54.5,63
54.5,64
54.5,70
54.5,69
54.5,68
54.5,67
54.5,66
54.5,65
55.5,53
55.5,54
55.5,55
55.5,56
55.5,57
55.5,58
55.5,59
55.5,60
55.5,61
55.5,62
55.5,63
55.5,64
55.5,65
55.5,70
55.5,69
55.5,68
55.5,67
55.5,66
57.5,53
58.5,53
59.5,53
60.5,53
61.5,53
62.5,53
63.5,53
64.5,53
65.5,53
66.5,53
67.5,53
68.5,53
69.5,53
70.5,53
71.5,53
72.5,53
73.5,53
74.5,53
56.5,53
56.5,54
56.5,55
56.5,56
56.5,57
56.5,58
56.5,59
56.5,60
56.5,61
56.5,62
56.5,63
56.5,64
56.5,65
56.5,70
56.5,69
56.5,68
56.5,67
56.5,66
57.5,54
57.5,55
57.5,56
57.5,57
57.5,58
57.5,59
57.5,60
57.5,61
57.5,62
57.5,63
57.5,64
57.5,65
57.5,66
57.5,70
57.5,69
57.5,68
57.5,67
59.5,54
60.5,54
61.5,54
62.5,54
63.5,54
64.5,54
65.5,54
66.5,54
67.5,54
68.5,54
69.5,54
70.5,54
71.5,54
72.5,54
73.5,54
74.5,54
58.5,54
58.5,55
58.5,56
58.5,57
58.5,58
58.5,59
58.5,60
58.5,61
58.5,62
58.5,63
58.5,64
58.5,65
58.5,66
58.5,70
58.5,69
58.5,68
58.5,67
59.5,55
59.5,56
59.5,57
59.5,58
59.5,59
59.5,60
59.5,61
59.5,62
59.5,63
59.5,64
59.5,65
59.5,66
59.5,67
59.5,70
59.5,69
59.5,68
61.5,55
62.5,55
63.5,55
64.5,55
65.5,55
66.5,55
67.5,55
68.5,55
69.5,55
70.5,55
71.5,55
72.5,55
73.5,55
74.5,55
60.5,55
60.5,56
60.5,57
60.5,58
60.5,59
60.5,60
60.5,61
60.5,62
60.5,63
60.5,64
60.5,65
60.5,66
60.5,67
60.5,70
60.5,69
60.5,68
61.5,56
61.5,57
61.5,58
61.5,59
61.5,60
61.5,61
61.5,62
61.5,63
61.5,64
61.5,65
61.5,66
61.5,67
61.5,68
61.5,70
61.5,69
63.5,56
64.5,56
65.5,56
66.5,56
67.5,56
68.5,56
69.5,56
70.5,56
71.5,56
72.5,56
73.5,56
74.5,56
62.5,56
62.5,57
62.5,58
62.5,59
62.5,60
62.5,61
62.5,62
62.5,63
62.5,64
62.5,65
62.5,66
62.5,67
62.5,68
62.5,70
62.5,69
63.5,57
63.5,58
63.5,59
63.5,60
63.5,61
63.5,62
63.5,63
63.5,64
63.5,65
63.5,66
63.5,67
63.5,68
63.5,69
63.5,70
65.5,57
66.5,57
67.5,57
68.5,57
69.5,57
70.5,57
71.5,57
72.5,57
73.5,57
74.5,57
64.5,57
64.5,58
64.5,59
64.5,60
64.5,61
64.5,62
64.5,63
64.5,64
64.5,65
64.5,66
64.5,67
64.5,68
64.5,69
64.5,70
65.5,58
65.5,59
65.5,60
65.5,61
65.5,62
65.5,63
65.5,64
65.5,65
65.5,66
65.5,67
65.5,68
65.5,69
65.5,70
67.5,58
68.5,58
69.5,58
70.5,58
71.5,58
72.5,58
73.5,58
74.5,58
66.5,58
66.5,59
66.5,60
66.5,61
66.5,62
66.5,63
66.5,64
66.5,65
66.5,66
66.5,67
66.5,68
66.5,69
66.5,70
67.5,59
67.5,60
67.5,61
67.5,62
67.5,63
67.5,64
67.5,65
67.5,66
67.5,67
67.5,68
67.5,69
67.5,70
69.5,59
70.5,59
71.5,59
72.5,59
73.5,59
74.5,59
68.5,59
68.5,60
68.5,61
68.5,62
68.5,63
68.5,64
68.5,65
68.5,66
68.5,67
68.5,68
68.5,69
68.5,70
69.5,60
69.5,61
69.5,62
69.5,63
69.5,64
69.5,65
69.5,66
69.5,67
69.5,68
69.5,69
69.5,70
71.5,60
72.5,60
73.5,60
74.5,60
70.5,60
70.5,61
70.5,62
70.5,63
70.5,64
70.5,65
70.5,66
70.5,67
70.5,68
70.5,69
70.5,70
71.5,61
71.5,62
71.5,63
71.5,64
71.5,65
71.5,66
71.5,67
71.5,68
71.5,69
71.5,70
73.5,61
74.5,61
72.5,61
72.5,62
72.5,63
72.5,64
72.5,65
72.5,66
72.5,67
72.5,68
72.5,69
72.5,70
73.5,62
73.5,63
73.5,64
73.5,65
73.5,66
73.5,67
73.5,68
73.5,69
73.5,70
74.5,62
74.5,63
74.5,64
74.5,65
74.5,66
74.5,67
74.5,68
74.5,69
74.5,70
75.5,50
75.5,70
75.5,69
75.5,68
75.5,67
75.5,66
75.5,65
75.5,64
75.5,63
75.5,62
75.5,61
75.5,60
75.5,59
75.5,58
75.5,57
75.5,56
75.5,55
75.5,54
75.5,53
75.5,52
75.5,51
