x coord,y coord
52.5,0
53.5,0
54.5,0
55.5,0
56.5,0
57.5,0
58.5,0
59.5,0
60.5,0
61.5,0
62.5,0
63.5,0
64.5,0
65.5,0
66.5,0
67.5,0
68.5,0
69.5,0
70.5,0
71.5,0
72.5,0
73.5,0
74.5,0
53.5,1
54.5,1
55.5,1
56.5,1
57.5,1
58.5,1
59.5,1
60.5,1
61.5,1
62.5,1
63.5,1
64.5,1
65.5,1
66.5,1
67.5,1
68.5,1
69.5,1
70.5,1
71.5,1
72.5,1
73.5,1
74.5,1
52.5,1
52.5,2
52.5,3
52.5,4
52.5,5
52.5,6
52.5,7
52.5,8
52.5,9
52.5,10
52.5,11
52.5,12
52.5,13
52.5,20
52.5,19
52.5,18
52.5,17
52.5,16
52.5,15
52.5,14
53.5,2
53.5,3
53.5,4
53.5,5
53.5,6
53.5,7
53.5,8
53.5,9
53.5,10
53.5,11
53.5,12
53.5,13
53.5,14
53.5,20
53.5,19
53.5,18
53.5,17
53.5,16
53.5,15
55.5,2
56.5,2
57.5,2
58.5,2
59.5,2
60.5,2
61.5,2
62.5,2
63.5,2
64.5,2
65.5,2
66.5,2
67.5,2
68.5,2
69.5,2
70.5,2
71.5,2
72.5,2
73.5,2
74.5,2
54.5,2
54.5,3
54.5,4
54.5,5
54.5,6
54.5,7
54.5,8
54.5,9
54.5,10
54.5,11
54.5,12
54.5,13
54.5,14
54.5,20
54.5,19
54.5,18
54.5,17
54.5,16
54.5,15
55.5,3
55.5,4
55.5,5
55.5,6
55.5,7
55.5,8
55.5,9
55.5,10
55.5,11
55.5,12
55.5,13
55.5,14
55.5,15
55.5,20
55.5,19
55.5,18
55.5,17
55.5,16
57.5,3
58.5,3
59.5,3
60.5,3
61.5,3
62.5,3
63.5,3
64.5,3
65.5,3
66.5,3
67.5,3
68.5,3
69.5,3
70.5,3
71.5,3
72.5,3
73.5,3
74.5,3
56.5,3
56.5,4
56.5,5
56.5,6
56.5,7
56.5,8
56.5,9
56.5,10
56.5,11
56.5,12
56.5,13
56.5,14
56.5,15
56.5,20
56.5,19
56.5,18
56.5,17
56.5,16
57.5,4
57.5,5
57.5,6
57.5,7
57.5,8
57.5,9
57.5,10
57.5,11
57.5,12
57.5,13
57.5,14
57.5,15
57.5,16
57.5,20
57.5,19
57.5,18
57.5,17
59.5,4
60.5,4
61.5,4
62.5,4
63.5,4
64.5,4
65.5,4
66.5,4
67.5,4
68.5,4
69.5,4
70.5,4
71.5,4
72.5,4
73.5,4
74.5,4
58.5,4
58.5,5
58.5,6
58.5,7
58.5,8
58.5,9
58.5,10
58.5,11
58.5,12
58.5,13
58.5,14
58.5,15
58.5,16
58.5,20
58.5,19
58.5,18
58.5,17
59.5,5
59.5,6
59.5,7
59.5,8
59.5,9
59.5,10
59.5,11
59.5,12
59.5,13
59.5,14
59.5,15
59.5,16
59.5,17
59.5,20
59.5,19
59.5,18
61.5,5
62.5,5
63.5,5
64.5,5
65.5,5
66.5,5
67.5,5
68.5,5
69.5,5
70.5,5
71.5,5
72.5,5
73.5,5
74.5,5
60.5,5
60.5,6
60.5,7
60.5,8
60.5,9
60.5,10
60.5,11
60.5,12
60.5,13
60.5,14
60.5,15
60.5,16
60.5,17
60.5,20
60.5,19
60.5,18
61.5,6
61.5,7
61.5,8
61.5,9
61.5,10
61.5,11
61.5,12
61.5,13
61.5,14
61.5,15
61.5,16
61.5,17
61.5,18
61.5,20
61.5,19
63.5,6
64.5,6
65.5,6
66.5,6
67.5,6
68.5,6
69.5,6
70.5,6
71.5,6
72.5,6
73.5,6
74.5,6
62.5,6
62.5,7
62.5,8
62.5,9
62.5,10
62.5,11
62.5,12
62.5,13
62.5,14
62.5,15
62.5,16
62.5,17
62.5,18
62.5,20
62.5,19
63.5,7
63.5,8
63.5,9
63.5,10
63.5,11
63.5,12
63.5,13
63.5,14
63.5,15
63.5,16
63.5,17
63.5,18
63.5,19
63.5,20
65.5,7
66.5,7
67.5,7
68.5,7
69.5,7
70.5,7
71.5,7
72.5,7
73.5,7
74.5,7
64.5,7
64.5,8
64.5,9
64.5,10
64.5,11
64.5,12
64.5,13
64.5,14
64.5,15
64.5,16
64.5,17
64.5,18
64.5,19
64.5,20
65.5,8
65.5,9
65.5,10
65.5,11
65.5,12
65.5,13
65.5,14
65.5,15
65.5,16
65.5,17
65.5,18
65.5,19
65.5,20
67.5,8
68.5,8
69.5,8
70.5,8
71.5,8
72.5,8
73.5,8
74.5,8
66.5,8
66.5,9
66.5,10
66.5,11
66.5,12
66.5,13
66.5,14
66.5,15
66.5,16
66.5,17
66.5,18
66.5,19
66.5,20
67.5,9
67.5,10
67.5,11
67.5,12
67.5,13
67.5,14
67.5,15
67.5,16
67.5,17
67.5,18
67.5,19
67.5,20
69.5,9
70.5,9
71.5,9
72.5,9
73.5,9
74.5,9
68.5,9
68.5,10
68.5,11
68.5,12
68.5,13
68.5,14
68.5,15
68.5,16
68.5,17
68.5,18
68.5,19
68.5,20
69.5,10
69.5,11
69.5,12
69.5,13
69.5,14
69.5,15
69.5,16
69.5,17
69.5,18
69.5,19
69.5,20
71.5,10
72.5,10
73.5,10
74.5,10
70.5,10
70.5,11
70.5,12
70.5,13
70.5,14
70.5,15
70.5,16
70.5,17
70.5,18
70.5,19
70.5,20
71.5,11
71.5,12
71.5,13
71.5,14
71.5,15
71.5,16
71.5,17
71.5,18
71.5,19
71.5,20
73.5,11
74.5,11
72.5,11
72.5,12
72.5,13
72.5,14
72.5,15
72.5,16
72.5,17
72.5,18
72.5,19
72.5,20
73.5,12
73.5,13
73.5,14
73.5,15
73.5,16
73.5,17
73.5,18
73.5,19
73.5,20
74.5,12
74.5,13
74.5,14
74.5,15
74.5,16
74.5,17
74.5,18
74.5,19
74.5,20
75.5,0
75.5,20
75.5,19
75.5,18
75.5,17
75.5,16
75.5,15
75.5,14
75.5,13
75.5,12
75.5,11
75.5,10
75.5,9
75.5,8
75.5,7
75.5,6
75.5,5
75.5,4
75.5,3
75.5,2
75.5,1
52.5,89
52.5,90
52.5,91
52.5,92
52.5,93
52.5,94
52.5,95
52.5,96
52.5,97
52.5,98
52.5,99
52.5,88
52.5,87
52.5,86
52.5,85
52.5,84
52.5,83
52.5,82
52.5,81
52.5,80
52.5,79
52.5,78
52.5,77
53.5,90
53.5,91
53.5,92
53.5,93
53.5,94
53.5,95
53.5,96
53.5,97
53.5,98
53.5,99
53.5,89
53.5,88
53.5,87
53.5,86
53.5,85
53.5,84
53.5,83
53.5,82
53.5,81
53.5,80
53.5,79
53.5,78
53.5,77
54.5,77
54.5,90
54.5,91
54.5,92
54.5,93
54.5,94
54.5,95
54.5,96
54.5,97
54.5,98
54.5,99
54.5,89
54.5,88
54.5,87
54.5,86
54.5,85
54.5,84
54.5,83
54.5,82
54.5,81
54.5,80
54.5,79
54.5,78
55.5,91
55.5,92
55.5,93
55.5,94
55.5,95
55.5,96
55.5,97
55.5,98
55.5,99
55.5,90
55.5,89
55.5,88
55.5,87
55.5,86
55.5,85
55.5,84
55.5,83
55.5,82
55.5,81
55.5,80
55.5,79
55.5,78
56.5,78
56.5,91
56.5,92
56.5,93
56.5,94
56.5,95
56.5,96
56.5,97
56.5,98
56.5,99
56.5,90
56.5,89
56.5,88
56.5,87
56.5,86
56.5,85
56.5,84
56.5,83
56.5,82
56.5,81
56.5,80
56.5,79
57.5,92
57.5,93
57.5,94
57.5,95
57.5,96
57.5,97
57.5,98
57.5,99
57.5,91
57.5,90
57.5,89
57.5,88
57.5,87
57.5,86
57.5,85
57.5,84
57.5,83
57.5,82
57.5,81
57.5,80
57.5,79
58.5,79
58.5,92
58.5,93
58.5,94
58.5,95
58.5,96
58.5,97
58.5,98
58.5,99
58.5,91
58.5,90
58.5,89
58.5,88
58.5,87
58.5,86
58.5,85
58.5,84
58.5,83
58.5,82
58.5,81
58.5,80
59.5,93
59.5,94
59.5,95
59.5,96
59.5,97
59.5,98
59.5,99
59.5,92
59.5,91
59.5,90
59.5,89
59.5,88
59.5,87
59.5,86
59.5,85
59.5,84
59.5,83
59.5,82
59.5,81
59.5,80
60.5,80
60.5,93
60.5,94
60.5,95
60.5,96
60.5,97
60.5,98
60.5,99
60.5,92
60.5,91
60.5,90
60.5,89
60.5,88
60.5,87
60.5,86
60.5,85
60.5,84
60.5,83
60.5,82
60.5,81
61.5,94
61.5,95
61.5,96
61.5,97
61.5,98
61.5,99
61.5,93
61.5,92
61.5,91
61.5,90
61.5,89
61.5,88
61.5,87
61.5,86
61.5,85
61.5,84
61.5,83
61.5,82
61.5,81
62.5,81
62.5,94
62.5,95
62.5,96
62.5,97
62.5,98
62.5,99
62.5,93
62.5,92
62.5,91
62.5,90
62.5,89
62.5,88
62.5,87
62.5,86
62.5,85
62.5,84
62.5,83
62.5,82
63.5,95
63.5,96
63.5,97
63.5,98
63.5,99
63.5,94
63.5,93
63.5,92
63.5,91
63.5,90
63.5,89
63.5,88
63.5,87
63.5,86
63.5,85
63.5,84
63.5,83
63.5,82
64.5,82
64.5,95
64.5,96
64.5,97
64.5,98
64.5,99
64.5,94
64.5,93
64.5,92
64.5,91
64.5,90
64.5,89
64.5,88
64.5,87
64.5,86
64.5,85
64.5,84
64.5,83
65.5,96
65.5,97
65.5,98
65.5,99
65.5,95
65.5,94
65.5,93
65.5,92
65.5,91
65.5,90
65.5,89
65.5,88
65.5,87
65.5,86
65.5,85
65.5,84
65.5,83
66.5,83
66.5,96
66.5,97
66.5,98
66.5,99
66.5,95
66.5,94
66.5,93
66.5,92
66.5,91
66.5,90
66.5,89
66.5,88
66.5,87
66.5,86
66.5,85
66.5,84
67.5,97
67.5,98
67.5,99
67.5,96
67.5,95
67.5,94
67.5,93
67.5,92
67.5,91
67.5,90
67.5,89
67.5,88
67.5,87
67.5,86
67.5,85
67.5,84
68.5,84
68.5,97
68.5,98
68.5,99
68.5,96
68.5,95
68.5,94
68.5,93
68.5,92
68.5,91
68.5,90
68.5,89
68.5,88
68.5,87
68.5,86
68.5,85
69.5,98
69.5,99
69.5,97
69.5,96
69.5,95
69.5,94
69.5,93
69.5,92
69.5,91
69.5,90
69.5,89
69.5,88
69.5,87
69.5,86
69.5,85
70.5,85
70.5,98
70.5,99
70.5,97
70.5,96
70.5,95
70.5,94
70.5,93
70.5,92
70.5,91
70.5,90
70.5,89
70.5,88
70.5,87
70.5,86
71.5,99
71.5,98
71.5,97
71.5,96
71.5,95
71.5,94
71.5,93
71.5,92
71.5,91
71.5,90
71.5,89
71.5,88
71.5,87
71.5,86
72.5,86
72.5,99
72.5,98
72.5,97
72.5,96
72.5,95
72.5,94
72.5,93
72.5,92
72.5,91
72.5,90
72.5,89
72.5,88
72.5,87
73.5,99
73.5,98
73.5,97
73.5,96
73.5,95
73.5,94
73.5,93
73.5,92
73.5,91
73.5,90
73.5,89
73.5,88
73.5,87
74.5,87
74.5,99
74.5,98
74.5,97
74.5,96
74.5,95
74.5,94
74.5,93
74.5,92
74.5,91
74.5,90
74.5,89
74.5,88
74.5,86
73.5,86
74.5,85
73.5,85
72.5,85
71.5,85
74.5,84
73.5,84
72.5,84
71.5,84
70.5,84
69.5,84
74.5,83
73.5,83
72.5,83
71.5,83
70.5,83
69.5,83
68.5,83
67.5,83
74.5,82
73.5,82
72.5,82
71.5,82
70.5,82
69.5,82
68.5,82
67.5,82
66.5,82
65.5,82
74.5,81
73.5,81
72.5,81
71.5,81
70.5,81
69.5,81
68.5,81
67.5,81
66.5,81
65.5,81
64.5,81
63.5,81
74.5,80
73.5,80
72.5,80
71.5,80
70.5,80
69.5,80
68.5,80
67.5,80
66.5,80
65.5,80
64.5,80
63.5,80
62.5,80
61.5,80
74.5,79
73.5,79
72.5,79
71.5,79
70.5,79
69.5,79
68.5,79
67.5,79
66.5,79
65.5,79
64.5,79
63.5,79
62.5,79
61.5,79
60.5,79
59.5,79
74.5,78
73.5,78
72.5,78
71.5,78
70.5,78
69.5,78
68.5,78
67.5,78
66.5,78
65.5,78
64.5,78
63.5,78
62.5,78
61.5,78
60.5,78
59.5,78
58.5,78
57.5,78
74.5,77
73.5,77
72.5,77
71.5,77
70.5,77
69.5,77
68.5,77
67.5,77
66.5,77
65.5,77
64.5,77
63.5,77
62.5,77
61.5,77
60.5,77
59.5,77
58.5,77
57.5,77
56.5,77
55.5,77
75.5,77
75.5,78
75.5,79
75.5,80
75.5,81
75.5,82
75.5,83
75.5,84
75.5,85
75.5,86
75.5,87
75.5,88
75.5,89
75.5,90
75.5,91
75.5,92
75.5,93
75.5,94
75.5,95
75.5,96
75.5,97
75.5,98
75.5,99
