x coord,y coord
0.5,0.5
0.5,1.5
0.5,2.5
0.5,3.5
0.5,4.5
0.5,5.5
0.5,6.5
0.5,7.5
0.5,8.5
0.5,9.5
0.5,10.5
0.5,11.5
0.5,12.5
0.5,24.5
0.5,23.5
0.5,22.5
0.5,21.5
0.5,20.5
0.5,19.5
0.5,18.5
0.5,17.5
0.5,16.5
0.5,15.5
0.5,14.5
0.5,13.5
2.5,0.5
3.5,0.5
4.5,0.5
5.5,0.5
6.5,0.5
7.5,0.5
8.5,0.5
9.5,0.5
10.5,0.5
1.5,0.5
1.5,1.5
1.5,2.5
1.5,3.5
1.5,4.5
1.5,5.5
1.5,6.5
1.5,7.5
1.5,8.5
1.5,9.5
1.5,10.5
1.5,11.5
1.5,12.5
1.5,24.5
1.5,23.5
1.5,22.5
1.5,21.5
1.5,20.5
1.5,19.5
1.5,18.5
1.5,17.5
1.5,16.5
1.5,15.5
1.5,14.5
1.5,13.5
2.5,1.5
2.5,2.5
2.5,3.5
2.5,4.5
2.5,5.5
2.5,6.5
2.5,7.5
2.5,8.5
2.5,9.5
2.5,10.5
2.5,11.5
2.5,12.5
2.5,13.5
2.5,24.5
2.5,23.5
2.5,22.5
2.5,21.5
2.5,20.5
2.5,19.5
2.5,18.5
2.5,17.5
2.5,16.5
2.5,15.5
2.5,14.5
4.5,1.5
5.5,1.5
6.5,1.5
7.5,1.5
8.5,1.5
9.5,1.5
10.5,1.5
3.5,1.5
3.5,2.5
3.5,3.5
3.5,4.5
3.5,5.5
3.5,6.5
3.5,7.5
3.5,8.5
3.5,9.5
3.5,10.5
3.5,11.5
3.5,12.5
3.5,13.5
3.5,24.5
3.5,23.5
3.5,22.5
3.5,21.5
3.5,20.5
3.5,19.5
3.5,18.5
3.5,17.5
3.5,16.5
3.5,15.5
3.5,14.5
4.5,2.5
4.5,3.5
4.5,4.5
4.5,5.5
4.5,6.5
4.5,7.5
4.5,8.5
4.5,9.5
4.5,10.5
4.5,11.5
4.5,12.5
4.5,13.5
4.5,14.5
4.5,24.5
4.5,23.5
4.5,22.5
4.5,21.5
4.5,20.5
4.5,19.5
4.5,18.5
4.5,17.5
4.5,16.5
4.5,15.5
6.5,2.5
7.5,2.5
8.5,2.5
9.5,2.5
10.5,2.5
5.5,2.5
5.5,3.5
5.5,4.5
5.5,5.5
5.5,6.5
5.5,7.5
5.5,8.5
5.5,9.5
5.5,10.5
5.5,11.5
5.5,12.5
5.5,13.5
5.5,14.5
5.5,24.5
5.5,23.5
5.5,22.5
5.5,21.5
5.5,20.5
5.5,19.5
5.5,18.5
5.5,17.5
5.5,16.5
5.5,15.5
6.5,3.5
6.5,4.5
6.5,5.5
6.5,6.5
6.5,7.5
6.5,8.5
6.5,9.5
6.5,10.5
6.5,11.5
6.5,12.5
6.5,13.5
6.5,14.5
6.5,15.5
6.5,24.5
6.5,23.5
6.5,22.5
6.5,21.5
6.5,20.5
6.5,19.5
6.5,18.5
6.5,17.5
6.5,16.5
8.5,3.5
9.5,3.5
10.5,3.5
7.5,3.5
7.5,4.5
7.5,5.5
7.5,6.5
7.5,7.5
7.5,8.5
7.5,9.5
7.5,10.5
7.5,11.5
7.5,12.5
7.5,13.5
7.5,14.5
7.5,15.5
7.5,24.5
7.5,23.5
7.5,22.5
7.5,21.5
7.5,20.5
7.5,19.5
7.5,18.5
7.5,17.5
7.5,16.5
8.5,4.5
8.5,5.5
8.5,6.5
8.5,7.5
8.5,8.5
8.5,9.5
8.5,10.5
8.5,11.5
8.5,12.5
8.5,13.5
8.5,14.5
8.5,15.5
8.5,16.5
8.5,24.5
8.5,23.5
8.5,22.5
8.5,21.5
8.5,20.5
8.5,19.5
8.5,18.5
8.5,17.5
10.5,4.5
9.5,4.5
9.5,5.5
9.5,6.5
9.5,7.5
9.5,8.5
9.5,9.5
9.5,10.5
9.5,11.5
9.5,12.5
9.5,13.5
9.5,14.5
9.5,15.5
9.5,16.5
9.5,24.5
9.5,23.5
9.5,22.5
9.5,21.5
9.5,20.5
9.5,19.5
9.5,18.5
9.5,17.5
10.5,5.5
10.5,6.5
10.5,7.5
10.5,8.5
10.5,9.5
10.5,10.5
10.5,11.5
10.5,12.5
10.5,13.5
10.5,14.5
10.5,15.5
10.5,16.5
10.5,17.5
10.5,24.5
10.5,23.5
10.5,22.5
10.5,21.5
10.5,20.5
10.5,19.5
10.5,18.5
0.5,37.5
0.5,36.5
0.5,35.5
0.5,34.5
0.5,33.5
0.5,32.5
0.5,31.5
0.5,30.5
0.5,29.5
0.5,28.5
0.5,27.5
0.5,26.5
0.5,25.5
1.5,25.5
1.5,37.5
1.5,36.5
1.5,35.5
1.5,34.5
1.5,33.5
1.5,32.5
1.5,31.5
1.5,30.5
1.5,29.5
1.5,28.5
1.5,27.5
1.5,26.5
2.5,37.5
2.5,36.5
2.5,35.5
2.5,34.5
2.5,33.5
2.5,32.5
2.5,31.5
2.5,30.5
2.5,29.5
2.5,28.5
2.5,27.5
2.5,26.5
3.5,26.5
3.5,37.5
3.5,36.5
3.5,35.5
3.5,34.5
3.5,33.5
3.5,32.5
3.5,31.5
3.5,30.5
3.5,29.5
3.5,28.5
3.5,27.5
4.5,37.5
4.5,36.5
4.5,35.5
4.5,34.5
4.5,33.5
4.5,32.5
4.5,31.5
4.5,30.5
4.5,29.5
4.5,28.5
4.5,27.5
5.5,27.5
5.5,37.5
5.5,36.5
5.5,35.5
5.5,34.5
5.5,33.5
5.5,32.5
5.5,31.5
5.5,30.5
5.5,29.5
5.5,28.5
6.5,37.5
6.5,36.5
6.5,35.5
6.5,34.5
6.5,33.5
6.5,32.5
6.5,31.5
6.5,30.5
6.5,29.5
6.5,28.5
7.5,28.5
7.5,37.5
7.5,36.5
7.5,35.5
7.5,34.5
7.5,33.5
7.5,32.5
7.5,31.5
7.5,30.5
7.5,29.5
8.5,37.5
8.5,36.5
8.5,35.5
8.5,34.5
8.5,33.5
8.5,32.5
8.5,31.5
8.5,30.5
8.5,29.5
9.5,29.5
9.5,37.5
9.5,36.5
9.5,35.5
9.5,34.5
9.5,33.5
9.5,32.5
9.5,31.5
9.5,30.5
10.5,37.5
10.5,36.5
10.5,35.5
10.5,34.5
10.5,33.5
10.5,32.5
10.5,31.5
10.5,30.5
10.5,29.5
10.5,28.5
9.5,28.5
8.5,28.5
10.5,27.5
9.5,27.5
8.5,27.5
7.5,27.5
6.5,27.5
10.5,26.5
9.5,26.5
8.5,26.5
7.5,26.5
6.5,26.5
5.5,26.5
4.5,26.5
10.5,25.5
9.5,25.5
8.5,25.5
7.5,25.5
6.5,25.5
5.5,25.5
4.5,25.5
3.5,25.5
2.5,25.5
99.5,0.5
98.5,0.5
97.5,0.5
96.5,0.5
95.5,0.5
94.5,0.5
93.5,0.5
92.5,0.5
91.5,0.5
90.5,0.5
89.5,0.5
88.5,0.5
87.5,0.5
99.5,1.5
98.5,1.5
97.5,1.5
96.5,1.5
95.5,1.5
94.5,1.5
93.5,1.5
92.5,1.5
91.5,1.5
90.5,1.5
89.5,1.5
88.5,1.5
87.5,1.5
99.5,2.5
98.5,2.5
97.5,2.5
96.5,2.5
95.5,2.5
94.5,2.5
93.5,2.5
92.5,2.5
91.5,2.5
90.5,2.5
89.5,2.5
88.5,2.5
87.5,2.5
99.5,3.5
98.5,3.5
97.5,3.5
96.5,3.5
95.5,3.5
94.5,3.5
93.5,3.5
92.5,3.5
91.5,3.5
90.5,3.5
89.5,3.5
88.5,3.5
87.5,3.5
99.5,4.5
98.5,4.5
97.5,4.5
96.5,4.5
95.5,4.5
94.5,4.5
93.5,4.5
92.5,4.5
91.5,4.5
90.5,4.5
89.5,4.5
88.5,4.5
87.5,4.5
99.5,5.5
98.5,5.5
97.5,5.5
96.5,5.5
95.5,5.5
94.5,5.5
93.5,5.5
92.5,5.5
91.5,5.5
90.5,5.5
89.5,5.5
88.5,5.5
87.5,5.5
88.5,6.5
99.5,6.5
98.5,6.5
97.5,6.5
96.5,6.5
95.5,6.5
94.5,6.5
93.5,6.5
92.5,6.5
91.5,6.5
90.5,6.5
89.5,6.5
90.5,7.5
99.5,7.5
98.5,7.5
97.5,7.5
96.5,7.5
95.5,7.5
94.5,7.5
93.5,7.5
92.5,7.5
91.5,7.5
92.5,8.5
99.5,8.5
98.5,8.5
97.5,8.5
96.5,8.5
95.5,8.5
94.5,8.5
93.5,8.5
94.5,9.5
99.5,9.5
98.5,9.5
97.5,9.5
96.5,9.5
95.5,9.5
96.5,10.5
99.5,10.5
98.5,10.5
97.5,10.5
98.5,11.5
99.5,11.5
99.5,24.5
99.5,23.5
99.5,22.5
99.5,21.5
99.5,20.5
99.5,19.5
99.5,18.5
99.5,17.5
99.5,16.5
99.5,15.5
99.5,14.5
99.5,13.5
99.5,12.5
98.5,24.5
98.5,23.5
98.5,22.5
98.5,21.5
98.5,20.5
98.5,19.5
98.5,18.5
98.5,17.5
98.5,16.5
98.5,15.5
98.5,14.5
98.5,13.5
98.5,12.5
97.5,24.5
97.5,23.5
97.5,22.5
97.5,21.5
97.5,20.5
97.5,19.5
97.5,18.5
97.5,17.5
97.5,16.5
97.5,15.5
97.5,14.5
97.5,13.5
97.5,12.5
97.5,11.5
96.5,24.5
96.5,23.5
96.5,22.5
96.5,21.5
96.5,20.5
96.5,19.5
96.5,18.5
96.5,17.5
96.5,16.5
96.5,15.5
96.5,14.5
96.5,13.5
96.5,12.5
96.5,11.5
95.5,24.5
95.5,23.5
95.5,22.5
95.5,21.5
95.5,20.5
95.5,19.5
95.5,18.5
95.5,17.5
95.5,16.5
95.5,15.5
95.5,14.5
95.5,13.5
95.5,12.5
95.5,11.5
95.5,10.5
94.5,24.5
94.5,23.5
94.5,22.5
94.5,21.5
94.5,20.5
94.5,19.5
94.5,18.5
94.5,17.5
94.5,16.5
94.5,15.5
94.5,14.5
94.5,13.5
94.5,12.5
94.5,11.5
94.5,10.5
93.5,24.5
93.5,23.5
93.5,22.5
93.5,21.5
93.5,20.5
93.5,19.5
93.5,18.5
93.5,17.5
93.5,16.5
93.5,15.5
93.5,14.5
93.5,13.5
93.5,12.5
93.5,11.5
93.5,10.5
93.5,9.5
92.5,24.5
92.5,23.5
92.5,22.5
92.5,21.5
92.5,20.5
92.5,19.5
92.5,18.5
92.5,17.5
92.5,16.5
92.5,15.5
92.5,14.5
92.5,13.5
92.5,12.5
92.5,11.5
92.5,10.5
92.5,9.5
91.5,24.5
91.5,23.5
91.5,22.5
91.5,21.5
91.5,20.5
91.5,19.5
91.5,18.5
91.5,17.5
91.5,16.5
91.5,15.5
91.5,14.5
91.5,13.5
91.5,12.5
91.5,11.5
91.5,10.5
91.5,9.5
91.5,8.5
90.5,24.5
90.5,23.5
90.5,22.5
90.5,21.5
90.5,20.5
90.5,19.5
90.5,18.5
90.5,17.5
90.5,16.5
90.5,15.5
90.5,14.5
90.5,13.5
90.5,12.5
90.5,11.5
90.5,10.5
90.5,9.5
90.5,8.5
89.5,24.5
89.5,23.5
89.5,22.5
89.5,21.5
89.5,20.5
89.5,19.5
89.5,18.5
89.5,17.5
89.5,16.5
89.5,15.5
89.5,14.5
89.5,13.5
89.5,12.5
89.5,11.5
89.5,10.5
89.5,9.5
89.5,8.5
89.5,7.5
88.5,24.5
88.5,23.5
88.5,22.5
88.5,21.5
88.5,20.5
88.5,19.5
88.5,18.5
88.5,17.5
88.5,16.5
88.5,15.5
88.5,14.5
88.5,13.5
88.5,12.5
88.5,11.5
88.5,10.5
88.5,9.5
88.5,8.5
88.5,7.5
87.5,24.5
87.5,23.5
87.5,22.5
87.5,21.5
87.5,20.5
87.5,19.5
87.5,18.5
87.5,17.5
87.5,16.5
87.5,15.5
87.5,14.5
87.5,13.5
87.5,12.5
87.5,11.5
87.5,10.5
87.5,9.5
87.5,8.5
87.5,7.5
87.5,6.5
99.5,37.5
98.5,37.5
99.5,36.5
98.5,36.5
97.5,36.5
97.5,37.5
96.5,36.5
96.5,37.5
97.5,35.5
98.5,35.5
99.5,35.5
96.5,35.5
95.5,35.5
95.5,36.5
95.5,37.5
94.5,35.5
94.5,36.5
94.5,37.5
95.5,34.5
96.5,34.5
97.5,34.5
98.5,34.5
99.5,34.5
94.5,34.5
93.5,34.5
93.5,35.5
93.5,36.5
93.5,37.5
92.5,34.5
92.5,35.5
92.5,36.5
92.5,37.5
93.5,33.5
94.5,33.5
95.5,33.5
96.5,33.5
97.5,33.5
98.5,33.5
99.5,33.5
92.5,33.5
91.5,33.5
91.5,34.5
91.5,35.5
91.5,36.5
91.5,37.5
90.5,33.5
90.5,34.5
90.5,35.5
90.5,36.5
90.5,37.5
91.5,32.5
92.5,32.5
93.5,32.5
94.5,32.5
95.5,32.5
96.5,32.5
97.5,32.5
98.5,32.5
99.5,32.5
90.5,32.5
89.5,32.5
89.5,33.5
89.5,34.5
89.5,35.5
89.5,36.5
89.5,37.5
88.5,32.5
88.5,33.5
88.5,34.5
88.5,35.5
88.5,36.5
88.5,37.5
89.5,31.5
90.5,31.5
91.5,31.5
92.5,31.5
93.5,31.5
94.5,31.5
95.5,31.5
96.5,31.5
97.5,31.5
98.5,31.5
99.5,31.5
88.5,31.5
87.5,31.5
87.5,32.5
87.5,33.5
87.5,34.5
87.5,35.5
87.5,36.5
87.5,37.5
87.5,30.5
88.5,30.5
89.5,30.5
90.5,30.5
91.5,30.5
92.5,30.5
93.5,30.5
94.5,30.5
95.5,30.5
96.5,30.5
97.5,30.5
98.5,30.5
99.5,30.5
87.5,29.5
88.5,29.5
89.5,29.5
90.5,29.5
91.5,29.5
92.5,29.5
93.5,29.5
94.5,29.5
95.5,29.5
96.5,29.5
97.5,29.5
98.5,29.5
99.5,29.5
87.5,28.5
88.5,28.5
89.5,28.5
90.5,28.5
91.5,28.5
92.5,28.5
93.5,28.5
94.5,28.5
95.5,28.5
96.5,28.5
97.5,28.5
98.5,28.5
99.5,28.5
87.5,27.5
88.5,27.5
89.5,27.5
90.5,27.5
91.5,27.5
92.5,27.5
93.5,27.5
94.5,27.5
95.5,27.5
96.5,27.5
97.5,27.5
98.5,27.5
99.5,27.5
87.5,26.5
88.5,26.5
89.5,26.5
90.5,26.5
91.5,26.5
92.5,26.5
93.5,26.5
94.5,26.5
95.5,26.5
96.5,26.5
97.5,26.5
98.5,26.5
99.5,26.5
87.5,25.5
88.5,25.5
89.5,25.5
90.5,25.5
91.5,25.5
92.5,25.5
93.5,25.5
94.5,25.5
95.5,25.5
96.5,25.5
97.5,25.5
98.5,25.5
99.5,25.5
0.5,94.5
0.5,95.5
0.5,96.5
0.5,97.5
0.5,98.5
0.5,99.5
1.5,94.5
1.5,95.5
1.5,96.5
1.5,97.5
1.5,98.5
1.5,99.5
2.5,94.5
2.5,95.5
2.5,96.5
2.5,97.5
2.5,98.5
2.5,99.5
3.5,94.5
3.5,95.5
3.5,96.5
3.5,97.5
3.5,98.5
3.5,99.5
4.5,94.5
4.5,95.5
4.5,96.5
4.5,97.5
4.5,98.5
4.5,99.5
5.5,94.5
5.5,95.5
5.5,96.5
5.5,97.5
5.5,98.5
5.5,99.5
6.5,94.5
6.5,95.5
6.5,96.5
6.5,97.5
6.5,98.5
6.5,99.5
7.5,94.5
7.5,95.5
7.5,96.5
7.5,97.5
7.5,98.5
7.5,99.5
8.5,94.5
8.5,95.5
8.5,96.5
8.5,97.5
8.5,98.5
8.5,99.5
9.5,94.5
9.5,95.5
9.5,96.5
9.5,97.5
9.5,98.5
9.5,99.5
10.5,94.5
10.5,95.5
10.5,96.5
10.5,97.5
10.5,98.5
10.5,99.5
99.5,94.5
99.5,95.5
99.5,96.5
99.5,97.5
99.5,98.5
99.5,99.5
98.5,94.5
98.5,95.5
98.5,96.5
98.5,97.5
98.5,98.5
98.5,99.5
97.5,94.5
97.5,95.5
97.5,96.5
97.5,97.5
97.5,99.5
97.5,98.5
96.5,94.5
96.5,95.5
96.5,96.5
96.5,97.5
96.5,98.5
96.5,99.5
95.5,94.5
95.5,95.5
95.5,96.5
95.5,98.5
95.5,99.5
95.5,97.5
94.5,94.5
94.5,95.5
94.5,96.5
94.5,97.5
94.5,98.5
94.5,99.5
93.5,94.5
93.5,95.5
93.5,97.5
93.5,98.5
93.5,99.5
93.5,96.5
92.5,94.5
92.5,95.5
92.5,96.5
92.5,97.5
92.5,98.5
92.5,99.5
91.5,94.5
91.5,96.5
91.5,97.5
91.5,98.5
91.5,99.5
91.5,95.5
90.5,94.5
90.5,95.5
90.5,96.5
90.5,97.5
90.5,98.5
90.5,99.5
89.5,95.5
89.5,96.5
89.5,97.5
89.5,98.5
89.5,99.5
89.5,94.5
88.5,94.5
88.5,95.5
88.5,96.5
88.5,97.5
88.5,98.5
88.5,99.5
87.5,94.5
87.5,95.5
87.5,96.5
87.5,97.5
87.5,98.5
87.5,99.5
