x coord,y coord
0.5,47
0.5,48
0.5,49
1.5,47
1.5,48
1.5,49
2.5,47
2.5,48
2.5,49
3.5,47
3.5,48
3.5,49
4.5,47
4.5,48
4.5,49
5.5,47
5.5,48
5.5,49
6.5,47
6.5,48
6.5,49
7.5,47
7.5,48
7.5,49
8.5,47
8.5,48
8.5,49
9.5,47
9.5,48
9.5,49
10.5,47
10.5,48
10.5,49
11.5,47
11.5,48
11.5,49
12.5,47
12.5,48
12.5,49
13.5,47
13.5,48
13.5,49
14.5,47
14.5,48
14.5,49
15.5,47
15.5,48
15.5,49
99.5,47
99.5,48
99.5,49
98.5,47
98.5,48
98.5,49
97.5,47
97.5,48
97.5,49
96.5,47
96.5,49
96.5,48
95.5,47
95.5,48
95.5,49
94.5,48
94.5,49
94.5,47
93.5,47
93.5,48
93.5,49
92.5,47
92.5,48
92.5,49
1.5,50
2.5,50
3.5,50
4.5,50
5.5,50
6.5,50
7.5,50
8.5,50
9.5,50
10.5,50
11.5,50
12.5,50
13.5,50
14.5,50
15.5,50
0.5,50
0.5,51
0.5,52
0.5,53
0.5,54
0.5,55
0.5,56
0.5,57
0.5,58
0.5,59
0.5,60
0.5,61
0.5,62
0.5,74
0.5,73
0.5,72
0.5,71
0.5,70
0.5,69
0.5,68
0.5,67
0.5,66
0.5,65
0.5,64
0.5,63
1.5,51
1.5,52
1.5,53
1.5,54
1.5,55
1.5,56
1.5,57
1.5,58
1.5,59
1.5,60
1.5,61
1.5,62
1.5,63
1.5,74
1.5,73
1.5,72
1.5,71
1.5,70
1.5,69
1.5,68
1.5,67
1.5,66
1.5,65
1.5,64
3.5,51
4.5,51
5.5,51
6.5,51
7.5,51
8.5,51
9.5,51
10.5,51
11.5,51
12.5,51
13.5,51
14.5,51
15.5,51
2.5,51
2.5,52
2.5,53
2.5,54
2.5,55
2.5,56
2.5,57
2.5,58
2.5,59
2.5,60
2.5,61
2.5,62
2.5,63
2.5,74
2.5,73
2.5,72
2.5,71
2.5,70
2.5,69
2.5,68
2.5,67
2.5,66
2.5,65
2.5,64
3.5,52
3.5,53
3.5,54
3.5,55
3.5,56
3.5,57
3.5,58
3.5,59
3.5,60
3.5,61
3.5,62
3.5,63
3.5,64
3.5,74
3.5,73
3.5,72
3.5,71
3.5,70
3.5,69
3.5,68
3.5,67
3.5,66
3.5,65
5.5,52
6.5,52
7.5,52
8.5,52
9.5,52
10.5,52
11.5,52
12.5,52
13.5,52
14.5,52
15.5,52
4.5,52
4.5,53
4.5,54
4.5,55
4.5,56
4.5,57
4.5,58
4.5,59
4.5,60
4.5,61
4.5,62
4.5,63
4.5,64
4.5,74
4.5,73
4.5,72
4.5,71
4.5,70
4.5,69
4.5,68
4.5,67
4.5,66
4.5,65
5.5,53
5.5,54
5.5,55
5.5,56
5.5,57
5.5,58
5.5,59
5.5,60
5.5,61
5.5,62
5.5,63
5.5,64
5.5,65
5.5,74
5.5,73
5.5,72
5.5,71
5.5,70
5.5,69
5.5,68
5.5,67
5.5,66
7.5,53
8.5,53
9.5,53
10.5,53
11.5,53
12.5,53
13.5,53
14.5,53
15.5,53
6.5,53
6.5,54
6.5,55
6.5,56
6.5,57
6.5,58
6.5,59
6.5,60
6.5,61
6.5,62
6.5,63
6.5,64
6.5,65
6.5,74
6.5,73
6.5,72
6.5,71
6.5,70
6.5,69
6.5,68
6.5,67
6.5,66
7.5,54
7.5,55
7.5,56
7.5,57
7.5,58
7.5,59
7.5,60
7.5,61
7.5,62
7.5,63
7.5,64
7.5,65
7.5,66
7.5,74
7.5,73
7.5,72
7.5,71
7.5,70
7.5,69
7.5,68
7.5,67
9.5,54
10.5,54
11.5,54
12.5,54
13.5,54
14.5,54
15.5,54
8.5,54
8.5,55
8.5,56
8.5,57
8.5,58
8.5,59
8.5,60
8.5,61
8.5,62
8.5,63
8.5,64
8.5,65
8.5,66
8.5,74
8.5,73
8.5,72
8.5,71
8.5,70
8.5,69
8.5,68
8.5,67
9.5,55
9.5,56
9.5,57
9.5,58
9.5,59
9.5,60
9.5,61
9.5,62
9.5,63
9.5,64
9.5,65
9.5,66
9.5,67
9.5,74
9.5,73
9.5,72
9.5,71
9.5,70
9.5,69
9.5,68
11.5,55
12.5,55
13.5,55
14.5,55
15.5,55
10.5,55
10.5,56
10.5,57
10.5,58
10.5,59
10.5,60
10.5,61
10.5,62
10.5,63
10.5,64
10.5,65
10.5,66
10.5,67
10.5,74
10.5,73
10.5,72
10.5,71
10.5,70
10.5,69
10.5,68
11.5,56
11.5,57
11.5,58
11.5,59
11.5,60
11.5,61
11.5,62
11.5,63
11.5,64
11.5,65
11.5,66
11.5,67
11.5,68
11.5,74
11.5,73
11.5,72
11.5,71
11.5,70
11.5,69
13.5,56
14.5,56
15.5,56
12.5,56
12.5,57
12.5,58
12.5,59
12.5,60
12.5,61
12.5,62
12.5,63
12.5,64
12.5,65
12.5,66
12.5,67
12.5,68
12.5,74
12.5,73
12.5,72
12.5,71
12.5,70
12.5,69
13.5,57
13.5,58
13.5,59
13.5,60
13.5,61
13.5,62
13.5,63
13.5,64
13.5,65
13.5,66
13.5,67
13.5,68
13.5,69
13.5,74
13.5,73
13.5,72
13.5,71
13.5,70
15.5,57
14.5,57
14.5,58
14.5,59
14.5,60
14.5,61
14.5,62
14.5,63
14.5,64
14.5,65
14.5,66
14.5,67
14.5,68
14.5,69
14.5,74
14.5,73
14.5,72
14.5,71
14.5,70
15.5,58
15.5,59
15.5,60
15.5,61
15.5,62
15.5,63
15.5,64
15.5,65
15.5,66
15.5,67
15.5,68
15.5,69
15.5,70
15.5,74
15.5,73
15.5,72
15.5,71
0.5,75
0.5,88
0.5,89
0.5,90
0.5,87
0.5,86
0.5,85
0.5,84
0.5,83
0.5,82
0.5,81
0.5,80
0.5,79
0.5,78
0.5,77
0.5,76
1.5,89
1.5,90
1.5,88
1.5,87
1.5,86
1.5,85
1.5,84
1.5,83
1.5,82
1.5,81
1.5,80
1.5,79
1.5,78
1.5,77
1.5,76
2.5,76
2.5,89
2.5,90
2.5,88
2.5,87
2.5,86
2.5,85
2.5,84
2.5,83
2.5,82
2.5,81
2.5,80
2.5,79
2.5,78
2.5,77
3.5,90
3.5,89
3.5,88
3.5,87
3.5,86
3.5,85
3.5,84
3.5,83
3.5,82
3.5,81
3.5,80
3.5,79
3.5,78
3.5,77
4.5,77
4.5,90
4.5,89
4.5,88
4.5,87
4.5,86
4.5,85
4.5,84
4.5,83
4.5,82
4.5,81
4.5,80
4.5,79
4.5,78
5.5,90
5.5,89
5.5,88
5.5,87
5.5,86
5.5,85
5.5,84
5.5,83
5.5,82
5.5,81
5.5,80
5.5,79
5.5,78
6.5,78
6.5,90
6.5,89
6.5,88
6.5,87
6.5,86
6.5,85
6.5,84
6.5,83
6.5,82
6.5,81
6.5,80
6.5,79
7.5,90
7.5,89
7.5,88
7.5,87
7.5,86
7.5,85
7.5,84
7.5,83
7.5,82
7.5,81
7.5,80
7.5,79
8.5,79
8.5,90
8.5,89
8.5,88
8.5,87
8.5,86
8.5,85
8.5,84
8.5,83
8.5,82
8.5,81
8.5,80
9.5,90
9.5,89
9.5,88
9.5,87
9.5,86
9.5,85
9.5,84
9.5,83
9.5,82
9.5,81
9.5,80
10.5,80
10.5,90
10.5,89
10.5,88
10.5,87
10.5,86
10.5,85
10.5,84
10.5,83
10.5,82
10.5,81
11.5,90
11.5,89
11.5,88
11.5,87
11.5,86
11.5,85
11.5,84
11.5,83
11.5,82
11.5,81
12.5,81
12.5,90
12.5,89
12.5,88
12.5,87
12.5,86
12.5,85
12.5,84
12.5,83
12.5,82
13.5,90
13.5,89
13.5,88
13.5,87
13.5,86
13.5,85
13.5,84
13.5,83
13.5,82
14.5,82
14.5,90
14.5,89
14.5,88
14.5,87
14.5,86
14.5,85
14.5,84
14.5,83
15.5,90
15.5,89
15.5,88
15.5,87
15.5,86
15.5,85
15.5,84
15.5,83
15.5,82
15.5,81
14.5,81
13.5,81
15.5,80
14.5,80
13.5,80
12.5,80
11.5,80
15.5,79
14.5,79
13.5,79
12.5,79
11.5,79
10.5,79
9.5,79
15.5,78
14.5,78
13.5,78
12.5,78
11.5,78
10.5,78
9.5,78
8.5,78
7.5,78
15.5,77
14.5,77
13.5,77
12.5,77
11.5,77
10.5,77
9.5,77
8.5,77
7.5,77
6.5,77
5.5,77
15.5,76
14.5,76
13.5,76
12.5,76
11.5,76
10.5,76
9.5,76
8.5,76
7.5,76
6.5,76
5.5,76
4.5,76
3.5,76
15.5,75
14.5,75
13.5,75
12.5,75
11.5,75
10.5,75
9.5,75
8.5,75
7.5,75
6.5,75
5.5,75
4.5,75
3.5,75
2.5,75
1.5,75
99.5,50
98.5,50
97.5,50
96.5,50
95.5,50
94.5,50
93.5,50
92.5,50
99.5,51
98.5,51
97.5,51
96.5,51
95.5,51
94.5,51
93.5,51
92.5,51
99.5,52
98.5,52
97.5,52
96.5,52
95.5,52
94.5,52
93.5,52
92.5,52
99.5,53
98.5,53
97.5,53
96.5,53
95.5,53
94.5,53
93.5,53
92.5,53
99.5,54
98.5,54
97.5,54
96.5,54
95.5,54
94.5,54
93.5,54
92.5,54
99.5,55
98.5,55
97.5,55
96.5,55
95.5,55
94.5,55
93.5,55
92.5,55
99.5,56
98.5,56
97.5,56
96.5,56
95.5,56
94.5,56
93.5,56
92.5,56
99.5,57
98.5,57
97.5,57
96.5,57
95.5,57
94.5,57
93.5,57
92.5,57
99.5,58
98.5,58
97.5,58
96.5,58
95.5,58
94.5,58
93.5,58
92.5,58
93.5,59
99.5,59
98.5,59
97.5,59
96.5,59
95.5,59
94.5,59
95.5,60
99.5,60
98.5,60
97.5,60
96.5,60
97.5,61
99.5,61
98.5,61
99.5,62
99.5,74
99.5,73
99.5,72
99.5,71
99.5,70
99.5,69
99.5,68
99.5,67
99.5,66
99.5,65
99.5,64
99.5,63
98.5,74
98.5,73
98.5,72
98.5,71
98.5,70
98.5,69
98.5,68
98.5,67
98.5,66
98.5,65
98.5,64
98.5,63
98.5,62
97.5,74
97.5,73
97.5,72
97.5,71
97.5,70
97.5,69
97.5,68
97.5,67
97.5,66
97.5,65
97.5,64
97.5,63
97.5,62
96.5,74
96.5,73
96.5,72
96.5,71
96.5,70
96.5,69
96.5,68
96.5,67
96.5,66
96.5,65
96.5,64
96.5,63
96.5,62
96.5,61
95.5,74
95.5,73
95.5,72
95.5,71
95.5,70
95.5,69
95.5,68
95.5,67
95.5,66
95.5,65
95.5,64
95.5,63
95.5,62
95.5,61
94.5,74
94.5,73
94.5,72
94.5,71
94.5,70
94.5,69
94.5,68
94.5,67
94.5,66
94.5,65
94.5,64
94.5,63
94.5,62
94.5,61
94.5,60
93.5,74
93.5,73
93.5,72
93.5,71
93.5,70
93.5,69
93.5,68
93.5,67
93.5,66
93.5,65
93.5,64
93.5,63
93.5,62
93.5,61
93.5,60
92.5,74
92.5,73
92.5,72
92.5,71
92.5,70
92.5,69
92.5,68
92.5,67
92.5,66
92.5,65
92.5,64
92.5,63
92.5,62
92.5,61
92.5,60
92.5,59
99.5,88
99.5,89
99.5,90
99.5,87
98.5,87
98.5,88
98.5,89
98.5,90
97.5,87
97.5,88
97.5,89
97.5,90
98.5,86
99.5,86
97.5,86
96.5,86
96.5,87
96.5,88
96.5,89
96.5,90
95.5,86
95.5,87
95.5,88
95.5,89
95.5,90
96.5,85
97.5,85
98.5,85
99.5,85
95.5,85
94.5,85
94.5,86
94.5,87
94.5,88
94.5,89
94.5,90
93.5,85
93.5,86
93.5,87
93.5,88
93.5,89
93.5,90
94.5,84
95.5,84
96.5,84
97.5,84
98.5,84
99.5,84
93.5,84
92.5,84
92.5,85
92.5,86
92.5,87
92.5,88
92.5,89
92.5,90
92.5,83
93.5,83
94.5,83
95.5,83
96.5,83
97.5,83
98.5,83
99.5,83
92.5,82
93.5,82
94.5,82
95.5,82
96.5,82
97.5,82
98.5,82
99.5,82
92.5,81
93.5,81
94.5,81
95.5,81
96.5,81
97.5,81
98.5,81
99.5,81
92.5,80
93.5,80
94.5,80
95.5,80
96.5,80
97.5,80
98.5,80
99.5,80
92.5,79
93.5,79
94.5,79
95.5,79
96.5,79
97.5,79
98.5,79
99.5,79
92.5,78
93.5,78
94.5,78
95.5,78
96.5,78
97.5,78
98.5,78
99.5,78
92.5,77
93.5,77
94.5,77
95.5,77
96.5,77
97.5,77
98.5,77
99.5,77
92.5,76
93.5,76
94.5,76
95.5,76
96.5,76
97.5,76
98.5,76
99.5,76
92.5,75
93.5,75
94.5,75
95.5,75
96.5,75
97.5,75
98.5,75
99.5,75
