x coord,y coord
72.5,49
72.5,48
72.5,47
72.5,46
72.5,45
72.5,44
72.5,43
72.5,42
72.5,41
72.5,40
72.5,39
72.5,38
72.5,37
73.5,49
73.5,48
73.5,47
73.5,46
73.5,45
73.5,44
73.5,43
73.5,42
73.5,41
73.5,40
73.5,39
73.5,38
73.5,37
74.5,37
74.5,49
74.5,48
74.5,47
74.5,46
74.5,45
74.5,44
74.5,43
74.5,42
74.5,41
74.5,40
74.5,39
74.5,38
95.5,37
95.5,38
95.5,39
95.5,40
95.5,41
95.5,42
95.5,43
95.5,44
95.5,45
95.5,46
95.5,47
95.5,48
95.5,49
94.5,37
94.5,38
94.5,39
94.5,40
94.5,41
94.5,42
94.5,43
94.5,44
94.5,45
94.5,46
94.5,48
94.5,49
94.5,47
93.5,37
93.5,38
93.5,39
93.5,40
93.5,41
93.5,42
93.5,43
93.5,44
93.5,45
93.5,46
93.5,47
93.5,48
93.5,49
92.5,37
92.5,38
92.5,39
92.5,40
92.5,41
92.5,42
92.5,43
92.5,44
92.5,45
92.5,47
92.5,48
92.5,49
92.5,46
91.5,37
91.5,38
91.5,39
91.5,40
91.5,41
91.5,42
91.5,43
91.5,44
91.5,45
91.5,46
91.5,47
91.5,48
91.5,49
90.5,37
90.5,38
90.5,39
90.5,40
90.5,41
90.5,42
90.5,43
90.5,44
90.5,46
90.5,47
90.5,48
90.5,49
90.5,45
89.5,37
89.5,38
89.5,39
89.5,40
89.5,41
89.5,42
89.5,43
89.5,44
89.5,45
89.5,46
89.5,47
89.5,48
89.5,49
88.5,37
88.5,38
88.5,39
88.5,40
88.5,41
88.5,42
88.5,43
88.5,45
88.5,46
88.5,47
88.5,48
88.5,49
88.5,44
87.5,37
87.5,38
87.5,39
87.5,40
87.5,41
87.5,42
87.5,43
87.5,44
87.5,45
87.5,46
87.5,47
87.5,48
87.5,49
86.5,37
86.5,38
86.5,39
86.5,40
86.5,41
86.5,42
86.5,44
86.5,45
86.5,46
86.5,47
86.5,48
86.5,49
86.5,43
85.5,37
85.5,38
85.5,39
85.5,40
85.5,41
85.5,42
85.5,43
85.5,44
85.5,45
85.5,46
85.5,47
85.5,48
85.5,49
84.5,37
84.5,38
84.5,39
84.5,40
84.5,41
84.5,43
84.5,44
84.5,45
84.5,46
84.5,47
84.5,48
84.5,49
84.5,42
83.5,37
83.5,38
83.5,39
83.5,40
83.5,41
83.5,42
83.5,43
83.5,44
83.5,45
83.5,46
83.5,47
83.5,48
83.5,49
82.5,37
82.5,38
82.5,39
82.5,40
82.5,42
82.5,43
82.5,44
82.5,45
82.5,46
82.5,47
82.5,48
82.5,49
82.5,41
81.5,37
81.5,38
81.5,39
81.5,40
81.5,41
81.5,42
81.5,43
81.5,44
81.5,45
81.5,46
81.5,47
81.5,48
81.5,49
80.5,37
80.5,38
80.5,39
80.5,41
80.5,42
80.5,43
80.5,44
80.5,45
80.5,46
80.5,47
80.5,48
80.5,49
80.5,40
79.5,37
79.5,38
79.5,39
79.5,40
79.5,41
79.5,42
79.5,43
79.5,44
79.5,45
79.5,46
79.5,47
79.5,48
79.5,49
78.5,37
78.5,38
78.5,40
78.5,41
78.5,42
78.5,43
78.5,44
78.5,45
78.5,46
78.5,47
78.5,48
78.5,49
78.5,39
77.5,37
77.5,38
77.5,39
77.5,40
77.5,41
77.5,42
77.5,43
77.5,44
77.5,45
77.5,46
77.5,47
77.5,48
77.5,49
76.5,37
76.5,39
76.5,40
76.5,41
76.5,42
76.5,43
76.5,44
76.5,45
76.5,46
76.5,47
76.5,48
76.5,49
76.5,38
75.5,37
75.5,38
75.5,39
75.5,40
75.5,41
75.5,42
75.5,43
75.5,44
75.5,45
75.5,46
75.5,47
75.5,48
75.5,49
72.5,50
73.5,50
74.5,50
72.5,51
73.5,51
74.5,51
72.5,52
73.5,52
74.5,52
72.5,53
73.5,53
74.5,53
72.5,54
73.5,54
74.5,54
72.5,55
73.5,55
74.5,55
72.5,56
73.5,56
74.5,56
72.5,57
73.5,57
74.5,57
72.5,58
73.5,58
74.5,58
72.5,59
73.5,59
74.5,59
72.5,60
73.5,60
74.5,60
73.5,61
74.5,61
72.5,61
72.5,62
72.5,63
72.5,64
72.5,65
72.5,66
72.5,67
72.5,68
72.5,69
72.5,70
72.5,71
72.5,72
72.5,73
72.5,74
73.5,62
73.5,63
73.5,64
73.5,65
73.5,66
73.5,67
73.5,68
73.5,69
73.5,70
73.5,71
73.5,72
73.5,73
73.5,74
74.5,62
74.5,63
74.5,64
74.5,65
74.5,66
74.5,67
74.5,68
74.5,69
74.5,70
74.5,71
74.5,72
74.5,73
74.5,74
75.5,50
95.5,50
94.5,50
93.5,50
92.5,50
91.5,50
90.5,50
89.5,50
88.5,50
87.5,50
86.5,50
85.5,50
84.5,50
83.5,50
82.5,50
81.5,50
80.5,50
79.5,50
78.5,50
77.5,50
76.5,50
77.5,51
95.5,51
94.5,51
93.5,51
92.5,51
91.5,51
90.5,51
89.5,51
88.5,51
87.5,51
86.5,51
85.5,51
84.5,51
83.5,51
82.5,51
81.5,51
80.5,51
79.5,51
78.5,51
79.5,52
95.5,52
94.5,52
93.5,52
92.5,52
91.5,52
90.5,52
89.5,52
88.5,52
87.5,52
86.5,52
85.5,52
84.5,52
83.5,52
82.5,52
81.5,52
80.5,52
81.5,53
95.5,53
94.5,53
93.5,53
92.5,53
91.5,53
90.5,53
89.5,53
88.5,53
87.5,53
86.5,53
85.5,53
84.5,53
83.5,53
82.5,53
83.5,54
95.5,54
94.5,54
93.5,54
92.5,54
91.5,54
90.5,54
89.5,54
88.5,54
87.5,54
86.5,54
85.5,54
84.5,54
85.5,55
95.5,55
94.5,55
93.5,55
92.5,55
91.5,55
90.5,55
89.5,55
88.5,55
87.5,55
86.5,55
87.5,56
95.5,56
94.5,56
93.5,56
92.5,56
91.5,56
90.5,56
89.5,56
88.5,56
89.5,57
95.5,57
94.5,57
93.5,57
92.5,57
91.5,57
90.5,57
91.5,58
95.5,58
94.5,58
93.5,58
92.5,58
93.5,59
95.5,59
94.5,59
95.5,60
95.5,74
95.5,73
95.5,72
95.5,71
95.5,70
95.5,69
95.5,68
95.5,67
95.5,66
95.5,65
95.5,64
95.5,63
95.5,62
95.5,61
94.5,74
94.5,73
94.5,72
94.5,71
94.5,70
94.5,69
94.5,68
94.5,67
94.5,66
94.5,65
94.5,64
94.5,63
94.5,62
94.5,61
94.5,60
93.5,74
93.5,73
93.5,72
93.5,71
93.5,70
93.5,69
93.5,68
93.5,67
93.5,66
93.5,65
93.5,64
93.5,63
93.5,62
93.5,61
93.5,60
92.5,74
92.5,73
92.5,72
92.5,71
92.5,70
92.5,69
92.5,68
92.5,67
92.5,66
92.5,65
92.5,64
92.5,63
92.5,62
92.5,61
92.5,60
92.5,59
91.5,74
91.5,73
91.5,72
91.5,71
91.5,70
91.5,69
91.5,68
91.5,67
91.5,66
91.5,65
91.5,64
91.5,63
91.5,62
91.5,61
91.5,60
91.5,59
90.5,74
90.5,73
90.5,72
90.5,71
90.5,70
90.5,69
90.5,68
90.5,67
90.5,66
90.5,65
90.5,64
90.5,63
90.5,62
90.5,61
90.5,60
90.5,59
90.5,58
89.5,74
89.5,73
89.5,72
89.5,71
89.5,70
89.5,69
89.5,68
89.5,67
89.5,66
89.5,65
89.5,64
89.5,63
89.5,62
89.5,61
89.5,60
89.5,59
89.5,58
88.5,74
88.5,73
88.5,72
88.5,71
88.5,70
88.5,69
88.5,68
88.5,67
88.5,66
88.5,65
88.5,64
88.5,63
88.5,62
88.5,61
88.5,60
88.5,59
88.5,58
88.5,57
87.5,74
87.5,73
87.5,72
87.5,71
87.5,70
87.5,69
87.5,68
87.5,67
87.5,66
87.5,65
87.5,64
87.5,63
87.5,62
87.5,61
87.5,60
87.5,59
87.5,58
87.5,57
86.5,74
86.5,73
86.5,72
86.5,71
86.5,70
86.5,69
86.5,68
86.5,67
86.5,66
86.5,65
86.5,64
86.5,63
86.5,62
86.5,61
86.5,60
86.5,59
86.5,58
86.5,57
86.5,56
85.5,74
85.5,73
85.5,72
85.5,71
85.5,70
85.5,69
85.5,68
85.5,67
85.5,66
85.5,65
85.5,64
85.5,63
85.5,62
85.5,61
85.5,60
85.5,59
85.5,58
85.5,57
85.5,56
84.5,74
84.5,73
84.5,72
84.5,71
84.5,70
84.5,69
84.5,68
84.5,67
84.5,66
84.5,65
84.5,64
84.5,63
84.5,62
84.5,61
84.5,60
84.5,59
84.5,58
84.5,57
84.5,56
84.5,55
83.5,74
83.5,73
83.5,72
83.5,71
83.5,70
83.5,69
83.5,68
83.5,67
83.5,66
83.5,65
83.5,64
83.5,63
83.5,62
83.5,61
83.5,60
83.5,59
83.5,58
83.5,57
83.5,56
83.5,55
82.5,74
82.5,73
82.5,72
82.5,71
82.5,70
82.5,69
82.5,68
82.5,67
82.5,66
82.5,65
82.5,64
82.5,63
82.5,62
82.5,61
82.5,60
82.5,59
82.5,58
82.5,57
82.5,56
82.5,55
82.5,54
81.5,74
81.5,73
81.5,72
81.5,71
81.5,70
81.5,69
81.5,68
81.5,67
81.5,66
81.5,65
81.5,64
81.5,63
81.5,62
81.5,61
81.5,60
81.5,59
81.5,58
81.5,57
81.5,56
81.5,55
81.5,54
80.5,74
80.5,73
80.5,72
80.5,71
80.5,70
80.5,69
80.5,68
80.5,67
80.5,66
80.5,65
80.5,64
80.5,63
80.5,62
80.5,61
80.5,60
80.5,59
80.5,58
80.5,57
80.5,56
80.5,55
80.5,54
80.5,53
79.5,74
79.5,73
79.5,72
79.5,71
79.5,70
79.5,69
79.5,68
79.5,67
79.5,66
79.5,65
79.5,64
79.5,63
79.5,62
79.5,61
79.5,60
79.5,59
79.5,58
79.5,57
79.5,56
79.5,55
79.5,54
79.5,53
78.5,74
78.5,73
78.5,72
78.5,71
78.5,70
78.5,69
78.5,68
78.5,67
78.5,66
78.5,65
78.5,64
78.5,63
78.5,62
78.5,61
78.5,60
78.5,59
78.5,58
78.5,57
78.5,56
78.5,55
78.5,54
78.5,53
78.5,52
77.5,74
77.5,73
77.5,72
77.5,71
77.5,70
77.5,69
77.5,68
77.5,67
77.5,66
77.5,65
77.5,64
77.5,63
77.5,62
77.5,61
77.5,60
77.5,59
77.5,58
77.5,57
77.5,56
77.5,55
77.5,54
77.5,53
77.5,52
76.5,74
76.5,73
76.5,72
76.5,71
76.5,70
76.5,69
76.5,68
76.5,67
76.5,66
76.5,65
76.5,64
76.5,63
76.5,62
76.5,61
76.5,60
76.5,59
76.5,58
76.5,57
76.5,56
76.5,55
76.5,54
76.5,53
76.5,52
76.5,51
75.5,74
75.5,73
75.5,72
75.5,71
75.5,70
75.5,69
75.5,68
75.5,67
75.5,66
75.5,65
75.5,64
75.5,63
75.5,62
75.5,61
75.5,60
75.5,59
75.5,58
75.5,57
75.5,56
75.5,55
75.5,54
75.5,53
75.5,52
75.5,51
74.5,80
73.5,80
72.5,80
74.5,79
73.5,79
72.5,79
74.5,78
73.5,78
72.5,78
74.5,77
73.5,77
72.5,77
74.5,76
73.5,76
72.5,76
74.5,75
73.5,75
72.5,75
86.5,80
87.5,80
88.5,80
89.5,80
90.5,80
91.5,80
92.5,80
93.5,80
94.5,80
95.5,80
85.5,80
84.5,80
83.5,80
84.5,79
85.5,79
86.5,79
87.5,79
88.5,79
89.5,79
90.5,79
91.5,79
92.5,79
93.5,79
94.5,79
95.5,79
83.5,79
82.5,79
82.5,80
81.5,79
81.5,80
82.5,78
83.5,78
84.5,78
85.5,78
86.5,78
87.5,78
88.5,78
89.5,78
90.5,78
91.5,78
92.5,78
93.5,78
94.5,78
95.5,78
81.5,78
80.5,78
80.5,79
80.5,80
79.5,78
79.5,79
79.5,80
80.5,77
81.5,77
82.5,77
83.5,77
84.5,77
85.5,77
86.5,77
87.5,77
88.5,77
89.5,77
90.5,77
91.5,77
92.5,77
93.5,77
94.5,77
95.5,77
79.5,77
78.5,77
78.5,78
78.5,79
78.5,80
77.5,77
77.5,78
77.5,79
77.5,80
78.5,76
79.5,76
80.5,76
81.5,76
82.5,76
83.5,76
84.5,76
85.5,76
86.5,76
87.5,76
88.5,76
89.5,76
90.5,76
91.5,76
92.5,76
93.5,76
94.5,76
95.5,76
77.5,76
76.5,76
76.5,77
76.5,78
76.5,79
76.5,80
75.5,76
75.5,77
75.5,78
75.5,79
75.5,80
76.5,75
77.5,75
78.5,75
79.5,75
80.5,75
81.5,75
82.5,75
83.5,75
84.5,75
85.5,75
86.5,75
87.5,75
88.5,75
89.5,75
90.5,75
91.5,75
92.5,75
93.5,75
94.5,75
95.5,75
75.5,75
