x coord,y coord
12.5,7
12.5,8
12.5,9
12.5,10
12.5,11
12.5,12
12.5,13
12.5,14
12.5,15
12.5,16
12.5,17
12.5,18
12.5,24
12.5,23
12.5,22
12.5,21
12.5,20
12.5,19
13.5,7
13.5,8
13.5,9
13.5,10
13.5,11
13.5,12
13.5,13
13.5,14
13.5,15
13.5,16
13.5,17
13.5,18
13.5,19
13.5,24
13.5,23
13.5,22
13.5,21
13.5,20
15.5,7
16.5,7
17.5,7
18.5,7
19.5,7
20.5,7
21.5,7
22.5,7
23.5,7
24.5,7
14.5,7
14.5,8
14.5,9
14.5,10
14.5,11
14.5,12
14.5,13
14.5,14
14.5,15
14.5,16
14.5,17
14.5,18
14.5,19
14.5,24
14.5,23
14.5,22
14.5,21
14.5,20
15.5,8
15.5,9
15.5,10
15.5,11
15.5,12
15.5,13
15.5,14
15.5,15
15.5,16
15.5,17
15.5,18
15.5,19
15.5,20
15.5,24
15.5,23
15.5,22
15.5,21
17.5,8
18.5,8
19.5,8
20.5,8
21.5,8
22.5,8
23.5,8
24.5,8
16.5,8
16.5,9
16.5,10
16.5,11
16.5,12
16.5,13
16.5,14
16.5,15
16.5,16
16.5,17
16.5,18
16.5,19
16.5,20
16.5,24
16.5,23
16.5,22
16.5,21
17.5,9
17.5,10
17.5,11
17.5,12
17.5,13
17.5,14
17.5,15
17.5,16
17.5,17
17.5,18
17.5,19
17.5,20
17.5,21
17.5,24
17.5,23
17.5,22
19.5,9
20.5,9
21.5,9
22.5,9
23.5,9
24.5,9
18.5,9
18.5,10
18.5,11
18.5,12
18.5,13
18.5,14
18.5,15
18.5,16
18.5,17
18.5,18
18.5,19
18.5,20
18.5,21
18.5,24
18.5,23
18.5,22
19.5,10
19.5,11
19.5,12
19.5,13
19.5,14
19.5,15
19.5,16
19.5,17
19.5,18
19.5,19
19.5,20
19.5,21
19.5,22
19.5,24
19.5,23
21.5,10
22.5,10
23.5,10
24.5,10
20.5,10
20.5,11
20.5,12
20.5,13
20.5,14
20.5,15
20.5,16
20.5,17
20.5,18
20.5,19
20.5,20
20.5,21
20.5,22
20.5,24
20.5,23
21.5,11
21.5,12
21.5,13
21.5,14
21.5,15
21.5,16
21.5,17
21.5,18
21.5,19
21.5,20
21.5,21
21.5,22
21.5,23
21.5,24
23.5,11
24.5,11
22.5,11
22.5,12
22.5,13
22.5,14
22.5,15
22.5,16
22.5,17
22.5,18
22.5,19
22.5,20
22.5,21
22.5,22
22.5,23
22.5,24
23.5,12
23.5,13
23.5,14
23.5,15
23.5,16
23.5,17
23.5,18
23.5,19
23.5,20
23.5,21
23.5,22
23.5,23
23.5,24
24.5,12
24.5,13
24.5,14
24.5,15
24.5,16
24.5,17
24.5,18
24.5,19
24.5,20
24.5,21
24.5,22
24.5,23
24.5,24
35.5,24
35.5,23
35.5,22
35.5,21
35.5,20
35.5,19
35.5,18
35.5,17
35.5,16
35.5,15
35.5,14
35.5,13
35.5,12
35.5,11
35.5,10
35.5,9
35.5,8
35.5,7
34.5,24
34.5,23
34.5,22
34.5,21
34.5,20
34.5,19
34.5,18
34.5,17
34.5,16
34.5,15
34.5,14
34.5,13
34.5,12
34.5,11
34.5,10
34.5,9
34.5,8
34.5,7
33.5,24
33.5,23
33.5,22
33.5,21
33.5,20
33.5,19
33.5,18
33.5,17
33.5,16
33.5,15
33.5,14
33.5,13
33.5,12
33.5,11
33.5,10
33.5,9
33.5,8
33.5,7
32.5,24
32.5,23
32.5,22
32.5,21
32.5,20
32.5,19
32.5,18
32.5,17
32.5,16
32.5,15
32.5,14
32.5,13
32.5,12
32.5,11
32.5,10
32.5,9
32.5,8
32.5,7
31.5,24
31.5,23
31.5,22
31.5,21
31.5,20
31.5,19
31.5,18
31.5,17
31.5,16
31.5,15
31.5,14
31.5,13
31.5,12
31.5,11
31.5,10
31.5,9
31.5,8
31.5,7
30.5,24
30.5,23
30.5,22
30.5,21
30.5,20
30.5,19
30.5,18
30.5,17
30.5,16
30.5,15
30.5,14
30.5,13
30.5,12
30.5,11
30.5,10
30.5,9
30.5,8
30.5,7
29.5,24
29.5,23
29.5,22
29.5,21
29.5,20
29.5,19
29.5,18
29.5,17
29.5,16
29.5,15
29.5,14
29.5,13
29.5,12
29.5,11
29.5,10
29.5,9
29.5,8
29.5,7
28.5,24
28.5,23
28.5,22
28.5,21
28.5,20
28.5,19
28.5,18
28.5,17
28.5,16
28.5,15
28.5,14
28.5,13
28.5,12
28.5,11
28.5,10
28.5,9
28.5,8
28.5,7
27.5,24
27.5,23
27.5,22
27.5,21
27.5,20
27.5,19
27.5,18
27.5,17
27.5,16
27.5,15
27.5,14
27.5,13
27.5,12
27.5,11
27.5,10
27.5,9
27.5,8
27.5,7
26.5,24
26.5,23
26.5,22
26.5,21
26.5,20
26.5,19
26.5,18
26.5,17
26.5,16
26.5,15
26.5,14
26.5,13
26.5,12
26.5,11
26.5,10
26.5,9
26.5,8
26.5,7
25.5,24
25.5,23
25.5,22
25.5,21
25.5,20
25.5,19
25.5,18
25.5,17
25.5,16
25.5,15
25.5,14
25.5,13
25.5,12
25.5,11
25.5,10
25.5,9
25.5,8
25.5,7
12.5,31
12.5,44
12.5,45
12.5,46
12.5,47
12.5,48
12.5,49
12.5,43
12.5,42
12.5,41
12.5,40
12.5,39
12.5,38
12.5,37
12.5,36
12.5,35
12.5,34
12.5,33
12.5,32
13.5,45
13.5,46
13.5,47
13.5,48
13.5,49
13.5,44
13.5,43
13.5,42
13.5,41
13.5,40
13.5,39
13.5,38
13.5,37
13.5,36
13.5,35
13.5,34
13.5,33
13.5,32
14.5,32
14.5,45
14.5,46
14.5,47
14.5,48
14.5,49
14.5,44
14.5,43
14.5,42
14.5,41
14.5,40
14.5,39
14.5,38
14.5,37
14.5,36
14.5,35
14.5,34
14.5,33
15.5,46
15.5,47
15.5,48
15.5,49
15.5,45
15.5,44
15.5,43
15.5,42
15.5,41
15.5,40
15.5,39
15.5,38
15.5,37
15.5,36
15.5,35
15.5,34
15.5,33
16.5,33
16.5,46
16.5,47
16.5,48
16.5,49
16.5,45
16.5,44
16.5,43
16.5,42
16.5,41
16.5,40
16.5,39
16.5,38
16.5,37
16.5,36
16.5,35
16.5,34
17.5,47
17.5,48
17.5,49
17.5,46
17.5,45
17.5,44
17.5,43
17.5,42
17.5,41
17.5,40
17.5,39
17.5,38
17.5,37
17.5,36
17.5,35
17.5,34
18.5,34
18.5,47
18.5,48
18.5,49
18.5,46
18.5,45
18.5,44
18.5,43
18.5,42
18.5,41
18.5,40
18.5,39
18.5,38
18.5,37
18.5,36
18.5,35
19.5,48
19.5,49
19.5,47
19.5,46
19.5,45
19.5,44
19.5,43
19.5,42
19.5,41
19.5,40
19.5,39
19.5,38
19.5,37
19.5,36
19.5,35
20.5,35
20.5,48
20.5,49
20.5,47
20.5,46
20.5,45
20.5,44
20.5,43
20.5,42
20.5,41
20.5,40
20.5,39
20.5,38
20.5,37
20.5,36
21.5,49
21.5,48
21.5,47
21.5,46
21.5,45
21.5,44
21.5,43
21.5,42
21.5,41
21.5,40
21.5,39
21.5,38
21.5,37
21.5,36
22.5,36
22.5,49
22.5,48
22.5,47
22.5,46
22.5,45
22.5,44
22.5,43
22.5,42
22.5,41
22.5,40
22.5,39
22.5,38
22.5,37
23.5,49
23.5,48
23.5,47
23.5,46
23.5,45
23.5,44
23.5,43
23.5,42
23.5,41
23.5,40
23.5,39
23.5,38
23.5,37
24.5,37
24.5,49
24.5,48
24.5,47
24.5,46
24.5,45
24.5,44
24.5,43
24.5,42
24.5,41
24.5,40
24.5,39
24.5,38
24.5,36
23.5,36
24.5,35
23.5,35
22.5,35
21.5,35
24.5,34
23.5,34
22.5,34
21.5,34
20.5,34
19.5,34
24.5,33
23.5,33
22.5,33
21.5,33
20.5,33
19.5,33
18.5,33
17.5,33
24.5,32
23.5,32
22.5,32
21.5,32
20.5,32
19.5,32
18.5,32
17.5,32
16.5,32
15.5,32
24.5,31
23.5,31
22.5,31
21.5,31
20.5,31
19.5,31
18.5,31
17.5,31
16.5,31
15.5,31
14.5,31
13.5,31
24.5,30
23.5,30
22.5,30
21.5,30
20.5,30
19.5,30
18.5,30
17.5,30
16.5,30
15.5,30
14.5,30
13.5,30
12.5,30
24.5,29
23.5,29
22.5,29
21.5,29
20.5,29
19.5,29
18.5,29
17.5,29
16.5,29
15.5,29
14.5,29
13.5,29
12.5,29
24.5,28
23.5,28
22.5,28
21.5,28
20.5,28
19.5,28
18.5,28
17.5,28
16.5,28
15.5,28
14.5,28
13.5,28
12.5,28
24.5,27
23.5,27
22.5,27
21.5,27
20.5,27
19.5,27
18.5,27
17.5,27
16.5,27
15.5,27
14.5,27
13.5,27
12.5,27
24.5,26
23.5,26
22.5,26
21.5,26
20.5,26
19.5,26
18.5,26
17.5,26
16.5,26
15.5,26
14.5,26
13.5,26
12.5,26
24.5,25
23.5,25
22.5,25
21.5,25
20.5,25
19.5,25
18.5,25
17.5,25
16.5,25
15.5,25
14.5,25
13.5,25
12.5,25
35.5,31
35.5,32
35.5,33
35.5,34
35.5,35
35.5,36
35.5,37
35.5,38
35.5,39
35.5,40
35.5,41
35.5,42
35.5,43
35.5,44
35.5,45
35.5,46
35.5,47
35.5,48
35.5,49
35.5,30
34.5,30
34.5,31
34.5,32
34.5,33
34.5,34
34.5,35
34.5,36
34.5,37
34.5,38
34.5,39
34.5,40
34.5,41
34.5,43
34.5,44
34.5,45
34.5,46
34.5,47
34.5,48
34.5,49
34.5,42
33.5,30
33.5,31
33.5,32
33.5,33
33.5,34
33.5,35
33.5,36
33.5,37
33.5,38
33.5,39
33.5,40
33.5,41
33.5,42
33.5,43
33.5,44
33.5,45
33.5,46
33.5,47
33.5,48
33.5,49
34.5,29
35.5,29
33.5,29
32.5,29
32.5,30
32.5,31
32.5,32
32.5,33
32.5,34
32.5,35
32.5,36
32.5,37
32.5,38
32.5,39
32.5,40
32.5,42
32.5,43
32.5,44
32.5,45
32.5,46
32.5,47
32.5,48
32.5,49
32.5,41
31.5,29
31.5,30
31.5,31
31.5,32
31.5,33
31.5,34
31.5,35
31.5,36
31.5,37
31.5,38
31.5,39
31.5,40
31.5,41
31.5,42
31.5,43
31.5,44
31.5,45
31.5,46
31.5,47
31.5,48
31.5,49
32.5,28
33.5,28
34.5,28
35.5,28
31.5,28
30.5,28
30.5,29
30.5,30
30.5,31
30.5,32
30.5,33
30.5,34
30.5,35
30.5,36
30.5,37
30.5,38
30.5,39
30.5,41
30.5,42
30.5,43
30.5,44
30.5,45
30.5,46
30.5,47
30.5,48
30.5,49
30.5,40
29.5,28
29.5,29
29.5,30
29.5,31
29.5,32
29.5,33
29.5,34
29.5,35
29.5,36
29.5,37
29.5,38
29.5,39
29.5,40
29.5,41
29.5,42
29.5,43
29.5,44
29.5,45
29.5,46
29.5,47
29.5,48
29.5,49
30.5,27
31.5,27
32.5,27
33.5,27
34.5,27
35.5,27
29.5,27
28.5,27
28.5,28
28.5,29
28.5,30
28.5,31
28.5,32
28.5,33
28.5,34
28.5,35
28.5,36
28.5,37
28.5,38
28.5,40
28.5,41
28.5,42
28.5,43
28.5,44
28.5,45
28.5,46
28.5,47
28.5,48
28.5,49
28.5,39
27.5,27
27.5,28
27.5,29
27.5,30
27.5,31
27.5,32
27.5,33
27.5,34
27.5,35
27.5,36
27.5,37
27.5,38
27.5,39
27.5,40
27.5,41
27.5,42
27.5,43
27.5,44
27.5,45
27.5,46
27.5,47
27.5,48
27.5,49
28.5,26
29.5,26
30.5,26
31.5,26
32.5,26
33.5,26
34.5,26
35.5,26
27.5,26
26.5,26
26.5,27
26.5,28
26.5,29
26.5,30
26.5,31
26.5,32
26.5,33
26.5,34
26.5,35
26.5,36
26.5,37
26.5,39
26.5,40
26.5,41
26.5,42
26.5,43
26.5,44
26.5,45
26.5,46
26.5,47
26.5,48
26.5,49
26.5,38
25.5,26
25.5,27
25.5,28
25.5,29
25.5,30
25.5,31
25.5,32
25.5,33
25.5,34
25.5,35
25.5,36
25.5,37
25.5,38
25.5,39
25.5,40
25.5,41
25.5,42
25.5,43
25.5,44
25.5,45
25.5,46
25.5,47
25.5,48
25.5,49
26.5,25
27.5,25
28.5,25
29.5,25
30.5,25
31.5,25
32.5,25
33.5,25
34.5,25
35.5,25
25.5,25
12.5,50
13.5,50
14.5,50
15.5,50
16.5,50
17.5,50
18.5,50
19.5,50
20.5,50
21.5,50
22.5,50
23.5,50
24.5,50
25.5,50
35.5,50
34.5,50
33.5,50
32.5,50
31.5,50
30.5,50
29.5,50
28.5,50
27.5,50
26.5,50
