x coord,y coord
62.5,44
62.5,45
62.5,46
62.5,47
62.5,48
62.5,49
62.5,43
62.5,42
62.5,41
62.5,40
62.5,39
62.5,38
62.5,37
62.5,36
62.5,35
62.5,34
62.5,33
62.5,32
63.5,45
63.5,46
63.5,47
63.5,48
63.5,49
63.5,44
63.5,43
63.5,42
63.5,41
63.5,40
63.5,39
63.5,38
63.5,37
63.5,36
63.5,35
63.5,34
63.5,33
63.5,32
64.5,32
64.5,45
64.5,46
64.5,47
64.5,48
64.5,49
64.5,44
64.5,43
64.5,42
64.5,41
64.5,40
64.5,39
64.5,38
64.5,37
64.5,36
64.5,35
64.5,34
64.5,33
65.5,46
65.5,47
65.5,48
65.5,49
65.5,45
65.5,44
65.5,43
65.5,42
65.5,41
65.5,40
65.5,39
65.5,38
65.5,37
65.5,36
65.5,35
65.5,34
65.5,33
66.5,33
66.5,46
66.5,47
66.5,48
66.5,49
66.5,45
66.5,44
66.5,43
66.5,42
66.5,41
66.5,40
66.5,39
66.5,38
66.5,37
66.5,36
66.5,35
66.5,34
67.5,47
67.5,48
67.5,49
67.5,46
67.5,45
67.5,44
67.5,43
67.5,42
67.5,41
67.5,40
67.5,39
67.5,38
67.5,37
67.5,36
67.5,35
67.5,34
68.5,34
68.5,47
68.5,48
68.5,49
68.5,46
68.5,45
68.5,44
68.5,43
68.5,42
68.5,41
68.5,40
68.5,39
68.5,38
68.5,37
68.5,36
68.5,35
69.5,48
69.5,49
69.5,47
69.5,46
69.5,45
69.5,44
69.5,43
69.5,42
69.5,41
69.5,40
69.5,39
69.5,38
69.5,37
69.5,36
69.5,35
70.5,35
70.5,48
70.5,49
70.5,47
70.5,46
70.5,45
70.5,44
70.5,43
70.5,42
70.5,41
70.5,40
70.5,39
70.5,38
70.5,37
70.5,36
71.5,49
71.5,48
71.5,47
71.5,46
71.5,45
71.5,44
71.5,43
71.5,42
71.5,41
71.5,40
71.5,39
71.5,38
71.5,37
71.5,36
72.5,36
72.5,49
72.5,48
72.5,47
72.5,46
72.5,45
72.5,44
72.5,43
72.5,42
72.5,41
72.5,40
72.5,39
72.5,38
72.5,37
73.5,49
73.5,48
73.5,47
73.5,46
73.5,45
73.5,44
73.5,43
73.5,42
73.5,41
73.5,40
73.5,39
73.5,38
73.5,37
74.5,37
74.5,49
74.5,48
74.5,47
74.5,46
74.5,45
74.5,44
74.5,43
74.5,42
74.5,41
74.5,40
74.5,39
74.5,38
74.5,36
73.5,36
74.5,35
73.5,35
72.5,35
71.5,35
74.5,34
73.5,34
72.5,34
71.5,34
70.5,34
69.5,34
74.5,33
73.5,33
72.5,33
71.5,33
70.5,33
69.5,33
68.5,33
67.5,33
74.5,32
73.5,32
72.5,32
71.5,32
70.5,32
69.5,32
68.5,32
67.5,32
66.5,32
65.5,32
85.5,32
85.5,33
85.5,34
85.5,35
85.5,36
85.5,37
85.5,38
85.5,39
85.5,40
85.5,41
85.5,42
85.5,43
85.5,44
85.5,45
85.5,46
85.5,47
85.5,48
85.5,49
84.5,32
84.5,33
84.5,34
84.5,35
84.5,36
84.5,37
84.5,38
84.5,39
84.5,40
84.5,41
84.5,43
84.5,44
84.5,45
84.5,46
84.5,47
84.5,48
84.5,49
84.5,42
83.5,32
83.5,33
83.5,34
83.5,35
83.5,36
83.5,37
83.5,38
83.5,39
83.5,40
83.5,41
83.5,42
83.5,43
83.5,44
83.5,45
83.5,46
83.5,47
83.5,48
83.5,49
82.5,32
82.5,33
82.5,34
82.5,35
82.5,36
82.5,37
82.5,38
82.5,39
82.5,40
82.5,42
82.5,43
82.5,44
82.5,45
82.5,46
82.5,47
82.5,48
82.5,49
82.5,41
81.5,32
81.5,33
81.5,34
81.5,35
81.5,36
81.5,37
81.5,38
81.5,39
81.5,40
81.5,41
81.5,42
81.5,43
81.5,44
81.5,45
81.5,46
81.5,47
81.5,48
81.5,49
80.5,32
80.5,33
80.5,34
80.5,35
80.5,36
80.5,37
80.5,38
80.5,39
80.5,41
80.5,42
80.5,43
80.5,44
80.5,45
80.5,46
80.5,47
80.5,48
80.5,49
80.5,40
79.5,32
79.5,33
79.5,34
79.5,35
79.5,36
79.5,37
79.5,38
79.5,39
79.5,40
79.5,41
79.5,42
79.5,43
79.5,44
79.5,45
79.5,46
79.5,47
79.5,48
79.5,49
78.5,32
78.5,33
78.5,34
78.5,35
78.5,36
78.5,37
78.5,38
78.5,40
78.5,41
78.5,42
78.5,43
78.5,44
78.5,45
78.5,46
78.5,47
78.5,48
78.5,49
78.5,39
77.5,32
77.5,33
77.5,34
77.5,35
77.5,36
77.5,37
77.5,38
77.5,39
77.5,40
77.5,41
77.5,42
77.5,43
77.5,44
77.5,45
77.5,46
77.5,47
77.5,48
77.5,49
76.5,32
76.5,33
76.5,34
76.5,35
76.5,36
76.5,37
76.5,39
76.5,40
76.5,41
76.5,42
76.5,43
76.5,44
76.5,45
76.5,46
76.5,47
76.5,48
76.5,49
76.5,38
75.5,32
75.5,33
75.5,34
75.5,35
75.5,36
75.5,37
75.5,38
75.5,39
75.5,40
75.5,41
75.5,42
75.5,43
75.5,44
75.5,45
75.5,46
75.5,47
75.5,48
75.5,49
62.5,50
63.5,50
64.5,50
65.5,50
66.5,50
67.5,50
68.5,50
69.5,50
70.5,50
71.5,50
72.5,50
73.5,50
74.5,50
62.5,51
63.5,51
64.5,51
65.5,51
66.5,51
67.5,51
68.5,51
69.5,51
70.5,51
71.5,51
72.5,51
73.5,51
74.5,51
62.5,52
63.5,52
64.5,52
65.5,52
66.5,52
67.5,52
68.5,52
69.5,52
70.5,52
71.5,52
72.5,52
73.5,52
74.5,52
62.5,53
63.5,53
64.5,53
65.5,53
66.5,53
67.5,53
68.5,53
69.5,53
70.5,53
71.5,53
72.5,53
73.5,53
74.5,53
62.5,54
63.5,54
64.5,54
65.5,54
66.5,54
67.5,54
68.5,54
69.5,54
70.5,54
71.5,54
72.5,54
73.5,54
74.5,54
62.5,55
63.5,55
64.5,55
65.5,55
66.5,55
67.5,55
68.5,55
69.5,55
70.5,55
71.5,55
72.5,55
73.5,55
74.5,55
63.5,56
64.5,56
65.5,56
66.5,56
67.5,56
68.5,56
69.5,56
70.5,56
71.5,56
72.5,56
73.5,56
74.5,56
62.5,56
62.5,57
62.5,58
62.5,59
62.5,60
62.5,61
62.5,62
62.5,63
62.5,64
62.5,65
62.5,66
62.5,67
62.5,68
62.5,74
62.5,73
62.5,72
62.5,71
62.5,70
62.5,69
63.5,57
63.5,58
63.5,59
63.5,60
63.5,61
63.5,62
63.5,63
63.5,64
63.5,65
63.5,66
63.5,67
63.5,68
63.5,69
63.5,74
63.5,73
63.5,72
63.5,71
63.5,70
65.5,57
66.5,57
67.5,57
68.5,57
69.5,57
70.5,57
71.5,57
72.5,57
73.5,57
74.5,57
64.5,57
64.5,58
64.5,59
64.5,60
64.5,61
64.5,62
64.5,63
64.5,64
64.5,65
64.5,66
64.5,67
64.5,68
64.5,69
64.5,74
64.5,73
64.5,72
64.5,71
64.5,70
65.5,58
65.5,59
65.5,60
65.5,61
65.5,62
65.5,63
65.5,64
65.5,65
65.5,66
65.5,67
65.5,68
65.5,69
65.5,70
65.5,74
65.5,73
65.5,72
65.5,71
67.5,58
68.5,58
69.5,58
70.5,58
71.5,58
72.5,58
73.5,58
74.5,58
66.5,58
66.5,59
66.5,60
66.5,61
66.5,62
66.5,63
66.5,64
66.5,65
66.5,66
66.5,67
66.5,68
66.5,69
66.5,70
66.5,74
66.5,73
66.5,72
66.5,71
67.5,59
67.5,60
67.5,61
67.5,62
67.5,63
67.5,64
67.5,65
67.5,66
67.5,67
67.5,68
67.5,69
67.5,70
67.5,71
67.5,74
67.5,73
67.5,72
69.5,59
70.5,59
71.5,59
72.5,59
73.5,59
74.5,59
68.5,59
68.5,60
68.5,61
68.5,62
68.5,63
68.5,64
68.5,65
68.5,66
68.5,67
68.5,68
68.5,69
68.5,70
68.5,71
68.5,74
68.5,73
68.5,72
69.5,60
69.5,61
69.5,62
69.5,63
69.5,64
69.5,65
69.5,66
69.5,67
69.5,68
69.5,69
69.5,70
69.5,71
69.5,72
69.5,74
69.5,73
71.5,60
72.5,60
73.5,60
74.5,60
70.5,60
70.5,61
70.5,62
70.5,63
70.5,64
70.5,65
70.5,66
70.5,67
70.5,68
70.5,69
70.5,70
70.5,71
70.5,72
70.5,74
70.5,73
71.5,61
71.5,62
71.5,63
71.5,64
71.5,65
71.5,66
71.5,67
71.5,68
71.5,69
71.5,70
71.5,71
71.5,72
71.5,73
71.5,74
73.5,61
74.5,61
72.5,61
72.5,62
72.5,63
72.5,64
72.5,65
72.5,66
72.5,67
72.5,68
72.5,69
72.5,70
72.5,71
72.5,72
72.5,73
72.5,74
73.5,62
73.5,63
73.5,64
73.5,65
73.5,66
73.5,67
73.5,68
73.5,69
73.5,70
73.5,71
73.5,72
73.5,73
73.5,74
74.5,62
74.5,63
74.5,64
74.5,65
74.5,66
74.5,67
74.5,68
74.5,69
74.5,70
74.5,71
74.5,72
74.5,73
74.5,74
75.5,50
85.5,50
84.5,50
83.5,50
82.5,50
81.5,50
80.5,50
79.5,50
78.5,50
77.5,50
76.5,50
77.5,51
85.5,51
84.5,51
83.5,51
82.5,51
81.5,51
80.5,51
79.5,51
78.5,51
79.5,52
85.5,52
84.5,52
83.5,52
82.5,52
81.5,52
80.5,52
81.5,53
85.5,53
84.5,53
83.5,53
82.5,53
83.5,54
85.5,54
84.5,54
85.5,55
85.5,74
85.5,73
85.5,72
85.5,71
85.5,70
85.5,69
85.5,68
85.5,67
85.5,66
85.5,65
85.5,64
85.5,63
85.5,62
85.5,61
85.5,60
85.5,59
85.5,58
85.5,57
85.5,56
84.5,74
84.5,73
84.5,72
84.5,71
84.5,70
84.5,69
84.5,68
84.5,67
84.5,66
84.5,65
84.5,64
84.5,63
84.5,62
84.5,61
84.5,60
84.5,59
84.5,58
84.5,57
84.5,56
84.5,55
83.5,74
83.5,73
83.5,72
83.5,71
83.5,70
83.5,69
83.5,68
83.5,67
83.5,66
83.5,65
83.5,64
83.5,63
83.5,62
83.5,61
83.5,60
83.5,59
83.5,58
83.5,57
83.5,56
83.5,55
82.5,74
82.5,73
82.5,72
82.5,71
82.5,70
82.5,69
82.5,68
82.5,67
82.5,66
82.5,65
82.5,64
82.5,63
82.5,62
82.5,61
82.5,60
82.5,59
82.5,58
82.5,57
82.5,56
82.5,55
82.5,54
81.5,74
81.5,73
81.5,72
81.5,71
81.5,70
81.5,69
81.5,68
81.5,67
81.5,66
81.5,65
81.5,64
81.5,63
81.5,62
81.5,61
81.5,60
81.5,59
81.5,58
81.5,57
81.5,56
81.5,55
81.5,54
80.5,74
80.5,73
80.5,72
80.5,71
80.5,70
80.5,69
80.5,68
80.5,67
80.5,66
80.5,65
80.5,64
80.5,63
80.5,62
80.5,61
80.5,60
80.5,59
80.5,58
80.5,57
80.5,56
80.5,55
80.5,54
80.5,53
79.5,74
79.5,73
79.5,72
79.5,71
79.5,70
79.5,69
79.5,68
79.5,67
79.5,66
79.5,65
79.5,64
79.5,63
79.5,62
79.5,61
79.5,60
79.5,59
79.5,58
79.5,57
79.5,56
79.5,55
79.5,54
79.5,53
78.5,74
78.5,73
78.5,72
78.5,71
78.5,70
78.5,69
78.5,68
78.5,67
78.5,66
78.5,65
78.5,64
78.5,63
78.5,62
78.5,61
78.5,60
78.5,59
78.5,58
78.5,57
78.5,56
78.5,55
78.5,54
78.5,53
78.5,52
77.5,74
77.5,73
77.5,72
77.5,71
77.5,70
77.5,69
77.5,68
77.5,67
77.5,66
77.5,65
77.5,64
77.5,63
77.5,62
77.5,61
77.5,60
77.5,59
77.5,58
77.5,57
77.5,56
77.5,55
77.5,54
77.5,53
77.5,52
76.5,74
76.5,73
76.5,72
76.5,71
76.5,70
76.5,69
76.5,68
76.5,67
76.5,66
76.5,65
76.5,64
76.5,63
76.5,62
76.5,61
76.5,60
76.5,59
76.5,58
76.5,57
76.5,56
76.5,55
76.5,54
76.5,53
76.5,52
76.5,51
75.5,74
75.5,73
75.5,72
75.5,71
75.5,70
75.5,69
75.5,68
75.5,67
75.5,66
75.5,65
75.5,64
75.5,63
75.5,62
75.5,61
75.5,60
75.5,59
75.5,58
75.5,57
75.5,56
75.5,55
75.5,54
75.5,53
75.5,52
75.5,51
74.5,75
73.5,75
72.5,75
71.5,75
70.5,75
69.5,75
68.5,75
67.5,75
66.5,75
65.5,75
64.5,75
63.5,75
62.5,75
76.5,75
77.5,75
78.5,75
79.5,75
80.5,75
81.5,75
82.5,75
83.5,75
84.5,75
85.5,75
75.5,75
