x coord,y coord
49.5,0.5
48.5,0.5
47.5,0.5
46.5,0.5
45.5,0.5
44.5,0.5
43.5,0.5
42.5,0.5
41.5,0.5
40.5,0.5
39.5,0.5
38.5,0.5
37.5,0.5
36.5,0.5
35.5,0.5
34.5,0.5
33.5,0.5
32.5,0.5
31.5,0.5
30.5,0.5
29.5,0.5
28.5,0.5
27.5,0.5
28.5,1.5
49.5,1.5
48.5,1.5
47.5,1.5
46.5,1.5
45.5,1.5
44.5,1.5
43.5,1.5
42.5,1.5
41.5,1.5
40.5,1.5
39.5,1.5
38.5,1.5
37.5,1.5
36.5,1.5
35.5,1.5
34.5,1.5
33.5,1.5
32.5,1.5
31.5,1.5
30.5,1.5
29.5,1.5
30.5,2.5
49.5,2.5
48.5,2.5
47.5,2.5
46.5,2.5
45.5,2.5
44.5,2.5
43.5,2.5
42.5,2.5
41.5,2.5
40.5,2.5
39.5,2.5
38.5,2.5
37.5,2.5
36.5,2.5
35.5,2.5
34.5,2.5
33.5,2.5
32.5,2.5
31.5,2.5
32.5,3.5
49.5,3.5
48.5,3.5
47.5,3.5
46.5,3.5
45.5,3.5
44.5,3.5
43.5,3.5
42.5,3.5
41.5,3.5
40.5,3.5
39.5,3.5
38.5,3.5
37.5,3.5
36.5,3.5
35.5,3.5
34.5,3.5
33.5,3.5
34.5,4.5
49.5,4.5
48.5,4.5
47.5,4.5
46.5,4.5
45.5,4.5
44.5,4.5
43.5,4.5
42.5,4.5
41.5,4.5
40.5,4.5
39.5,4.5
38.5,4.5
37.5,4.5
36.5,4.5
35.5,4.5
36.5,5.5
49.5,5.5
48.5,5.5
47.5,5.5
46.5,5.5
45.5,5.5
44.5,5.5
43.5,5.5
42.5,5.5
41.5,5.5
40.5,5.5
39.5,5.5
38.5,5.5
37.5,5.5
38.5,6.5
49.5,6.5
48.5,6.5
47.5,6.5
46.5,6.5
45.5,6.5
44.5,6.5
43.5,6.5
42.5,6.5
41.5,6.5
40.5,6.5
39.5,6.5
40.5,7.5
49.5,7.5
48.5,7.5
47.5,7.5
46.5,7.5
45.5,7.5
44.5,7.5
43.5,7.5
42.5,7.5
41.5,7.5
39.5,7.5
38.5,7.5
37.5,7.5
37.5,6.5
36.5,7.5
36.5,6.5
35.5,7.5
35.5,6.5
35.5,5.5
34.5,7.5
34.5,6.5
34.5,5.5
33.5,7.5
33.5,6.5
33.5,5.5
33.5,4.5
32.5,7.5
32.5,6.5
32.5,5.5
32.5,4.5
31.5,7.5
31.5,6.5
31.5,5.5
31.5,4.5
31.5,3.5
30.5,7.5
30.5,6.5
30.5,5.5
30.5,4.5
30.5,3.5
29.5,7.5
29.5,6.5
29.5,5.5
29.5,4.5
29.5,3.5
29.5,2.5
28.5,7.5
28.5,6.5
28.5,5.5
28.5,4.5
28.5,3.5
28.5,2.5
27.5,7.5
27.5,6.5
27.5,5.5
27.5,4.5
27.5,3.5
27.5,2.5
27.5,1.5
50.5,0.5
50.5,1.5
50.5,2.5
50.5,3.5
50.5,4.5
50.5,5.5
50.5,6.5
50.5,7.5
49.5,74.5
49.5,73.5
49.5,72.5
49.5,71.5
49.5,70.5
49.5,69.5
49.5,68.5
49.5,67.5
49.5,66.5
49.5,65.5
49.5,64.5
48.5,74.5
48.5,73.5
48.5,72.5
48.5,71.5
48.5,70.5
48.5,69.5
48.5,68.5
48.5,67.5
48.5,66.5
48.5,65.5
48.5,64.5
47.5,74.5
47.5,73.5
47.5,72.5
47.5,71.5
47.5,70.5
47.5,69.5
47.5,68.5
47.5,67.5
47.5,66.5
47.5,65.5
47.5,64.5
46.5,74.5
46.5,73.5
46.5,72.5
46.5,71.5
46.5,70.5
46.5,69.5
46.5,68.5
46.5,67.5
46.5,66.5
46.5,65.5
46.5,64.5
45.5,74.5
45.5,73.5
45.5,72.5
45.5,71.5
45.5,70.5
45.5,69.5
45.5,68.5
45.5,67.5
45.5,66.5
45.5,65.5
45.5,64.5
44.5,74.5
44.5,73.5
44.5,72.5
44.5,71.5
44.5,70.5
44.5,69.5
44.5,68.5
44.5,67.5
44.5,66.5
44.5,65.5
44.5,64.5
43.5,74.5
43.5,73.5
43.5,72.5
43.5,71.5
43.5,70.5
43.5,69.5
43.5,68.5
43.5,67.5
43.5,66.5
43.5,65.5
43.5,64.5
42.5,74.5
42.5,73.5
42.5,72.5
42.5,71.5
42.5,70.5
42.5,69.5
42.5,68.5
42.5,67.5
42.5,66.5
42.5,65.5
42.5,64.5
41.5,74.5
41.5,73.5
41.5,72.5
41.5,71.5
41.5,70.5
41.5,69.5
41.5,68.5
41.5,67.5
41.5,66.5
41.5,65.5
41.5,64.5
40.5,74.5
40.5,73.5
40.5,72.5
40.5,71.5
40.5,70.5
40.5,69.5
40.5,68.5
40.5,67.5
40.5,66.5
40.5,65.5
40.5,64.5
39.5,74.5
39.5,73.5
39.5,72.5
39.5,71.5
39.5,70.5
39.5,69.5
39.5,68.5
39.5,67.5
39.5,66.5
39.5,65.5
39.5,64.5
38.5,74.5
38.5,73.5
38.5,72.5
38.5,71.5
38.5,70.5
38.5,69.5
38.5,68.5
38.5,67.5
38.5,66.5
38.5,65.5
38.5,64.5
37.5,74.5
37.5,73.5
37.5,72.5
37.5,71.5
37.5,70.5
37.5,69.5
37.5,68.5
37.5,67.5
37.5,66.5
37.5,65.5
37.5,64.5
36.5,74.5
36.5,73.5
36.5,72.5
36.5,71.5
36.5,70.5
36.5,69.5
36.5,68.5
36.5,67.5
36.5,66.5
36.5,65.5
36.5,64.5
35.5,74.5
35.5,73.5
35.5,72.5
35.5,71.5
35.5,70.5
35.5,69.5
35.5,68.5
35.5,67.5
35.5,66.5
35.5,65.5
35.5,64.5
34.5,74.5
34.5,73.5
34.5,72.5
34.5,71.5
34.5,70.5
34.5,69.5
34.5,68.5
34.5,67.5
34.5,66.5
34.5,65.5
34.5,64.5
33.5,74.5
33.5,73.5
33.5,72.5
33.5,71.5
33.5,70.5
33.5,69.5
33.5,68.5
33.5,67.5
33.5,66.5
33.5,65.5
33.5,64.5
32.5,74.5
32.5,73.5
32.5,72.5
32.5,71.5
32.5,70.5
32.5,69.5
32.5,68.5
32.5,67.5
32.5,66.5
32.5,65.5
32.5,64.5
31.5,74.5
31.5,73.5
31.5,72.5
31.5,71.5
31.5,70.5
31.5,69.5
31.5,68.5
31.5,67.5
31.5,66.5
31.5,65.5
31.5,64.5
30.5,74.5
30.5,73.5
30.5,72.5
30.5,71.5
30.5,70.5
30.5,69.5
30.5,68.5
30.5,67.5
30.5,66.5
30.5,65.5
30.5,64.5
29.5,74.5
29.5,73.5
29.5,72.5
29.5,71.5
29.5,70.5
29.5,69.5
29.5,68.5
29.5,67.5
29.5,66.5
29.5,65.5
29.5,64.5
28.5,74.5
28.5,73.5
28.5,72.5
28.5,71.5
28.5,70.5
28.5,69.5
28.5,68.5
28.5,67.5
28.5,66.5
28.5,65.5
28.5,64.5
27.5,74.5
27.5,73.5
27.5,72.5
27.5,71.5
27.5,70.5
27.5,69.5
27.5,68.5
27.5,67.5
27.5,66.5
27.5,65.5
27.5,64.5
49.5,87.5
49.5,88.5
49.5,89.5
49.5,90.5
49.5,91.5
49.5,92.5
49.5,93.5
49.5,94.5
49.5,95.5
49.5,96.5
49.5,97.5
49.5,98.5
49.5,99.5
48.5,87.5
48.5,88.5
48.5,89.5
48.5,90.5
48.5,91.5
48.5,92.5
48.5,93.5
48.5,94.5
48.5,95.5
48.5,96.5
48.5,97.5
48.5,98.5
48.5,99.5
49.5,86.5
48.5,86.5
47.5,86.5
47.5,87.5
47.5,88.5
47.5,89.5
47.5,90.5
47.5,91.5
47.5,92.5
47.5,93.5
47.5,94.5
47.5,95.5
47.5,96.5
47.5,97.5
47.5,99.5
47.5,98.5
46.5,86.5
46.5,87.5
46.5,88.5
46.5,89.5
46.5,90.5
46.5,91.5
46.5,92.5
46.5,93.5
46.5,94.5
46.5,95.5
46.5,96.5
46.5,97.5
46.5,98.5
46.5,99.5
47.5,85.5
48.5,85.5
49.5,85.5
46.5,85.5
45.5,85.5
45.5,86.5
45.5,87.5
45.5,88.5
45.5,89.5
45.5,90.5
45.5,91.5
45.5,92.5
45.5,93.5
45.5,94.5
45.5,95.5
45.5,96.5
45.5,98.5
45.5,99.5
45.5,97.5
44.5,85.5
44.5,86.5
44.5,87.5
44.5,88.5
44.5,89.5
44.5,90.5
44.5,91.5
44.5,92.5
44.5,93.5
44.5,94.5
44.5,95.5
44.5,96.5
44.5,97.5
44.5,98.5
44.5,99.5
45.5,84.5
46.5,84.5
47.5,84.5
48.5,84.5
49.5,84.5
44.5,84.5
43.5,84.5
43.5,85.5
43.5,86.5
43.5,87.5
43.5,88.5
43.5,89.5
43.5,90.5
43.5,91.5
43.5,92.5
43.5,93.5
43.5,94.5
43.5,95.5
43.5,97.5
43.5,98.5
43.5,99.5
43.5,96.5
42.5,84.5
42.5,85.5
42.5,86.5
42.5,87.5
42.5,88.5
42.5,89.5
42.5,90.5
42.5,91.5
42.5,92.5
42.5,93.5
42.5,94.5
42.5,95.5
42.5,96.5
42.5,97.5
42.5,98.5
42.5,99.5
43.5,83.5
44.5,83.5
45.5,83.5
46.5,83.5
47.5,83.5
48.5,83.5
49.5,83.5
42.5,83.5
41.5,83.5
41.5,84.5
41.5,85.5
41.5,86.5
41.5,87.5
41.5,88.5
41.5,89.5
41.5,90.5
41.5,91.5
41.5,92.5
41.5,93.5
41.5,94.5
41.5,96.5
41.5,97.5
41.5,98.5
41.5,99.5
41.5,95.5
40.5,83.5
40.5,84.5
40.5,85.5
40.5,86.5
40.5,87.5
40.5,88.5
40.5,89.5
40.5,90.5
40.5,91.5
40.5,92.5
40.5,93.5
40.5,94.5
40.5,95.5
40.5,96.5
40.5,97.5
40.5,98.5
40.5,99.5
41.5,82.5
42.5,82.5
43.5,82.5
44.5,82.5
45.5,82.5
46.5,82.5
47.5,82.5
48.5,82.5
49.5,82.5
40.5,82.5
39.5,82.5
39.5,83.5
39.5,84.5
39.5,85.5
39.5,86.5
39.5,87.5
39.5,88.5
39.5,89.5
39.5,90.5
39.5,91.5
39.5,92.5
39.5,93.5
39.5,95.5
39.5,96.5
39.5,97.5
39.5,98.5
39.5,99.5
39.5,94.5
38.5,82.5
38.5,83.5
38.5,84.5
38.5,85.5
38.5,86.5
38.5,87.5
38.5,88.5
38.5,89.5
38.5,90.5
38.5,91.5
38.5,92.5
38.5,93.5
38.5,94.5
38.5,95.5
38.5,96.5
38.5,97.5
38.5,98.5
38.5,99.5
39.5,81.5
40.5,81.5
41.5,81.5
42.5,81.5
43.5,81.5
44.5,81.5
45.5,81.5
46.5,81.5
47.5,81.5
48.5,81.5
49.5,81.5
38.5,81.5
37.5,81.5
37.5,82.5
37.5,83.5
37.5,84.5
37.5,85.5
37.5,86.5
37.5,87.5
37.5,88.5
37.5,89.5
37.5,90.5
37.5,91.5
37.5,92.5
37.5,94.5
37.5,95.5
37.5,96.5
37.5,97.5
37.5,98.5
37.5,99.5
37.5,93.5
36.5,81.5
36.5,82.5
36.5,83.5
36.5,84.5
36.5,85.5
36.5,86.5
36.5,87.5
36.5,88.5
36.5,89.5
36.5,90.5
36.5,91.5
36.5,92.5
36.5,93.5
36.5,94.5
36.5,95.5
36.5,96.5
36.5,97.5
36.5,98.5
36.5,99.5
37.5,80.5
38.5,80.5
39.5,80.5
40.5,80.5
41.5,80.5
42.5,80.5
43.5,80.5
44.5,80.5
45.5,80.5
46.5,80.5
47.5,80.5
48.5,80.5
49.5,80.5
36.5,80.5
35.5,80.5
35.5,81.5
35.5,82.5
35.5,83.5
35.5,84.5
35.5,85.5
35.5,86.5
35.5,87.5
35.5,88.5
35.5,89.5
35.5,90.5
35.5,91.5
35.5,93.5
35.5,94.5
35.5,95.5
35.5,96.5
35.5,97.5
35.5,98.5
35.5,99.5
35.5,92.5
34.5,80.5
34.5,81.5
34.5,82.5
34.5,83.5
34.5,84.5
34.5,85.5
34.5,86.5
34.5,87.5
34.5,88.5
34.5,89.5
34.5,90.5
34.5,91.5
34.5,92.5
34.5,93.5
34.5,94.5
34.5,95.5
34.5,96.5
34.5,97.5
34.5,98.5
34.5,99.5
35.5,79.5
36.5,79.5
37.5,79.5
38.5,79.5
39.5,79.5
40.5,79.5
41.5,79.5
42.5,79.5
43.5,79.5
44.5,79.5
45.5,79.5
46.5,79.5
47.5,79.5
48.5,79.5
49.5,79.5
34.5,79.5
33.5,79.5
33.5,80.5
33.5,81.5
33.5,82.5
33.5,83.5
33.5,84.5
33.5,85.5
33.5,86.5
33.5,87.5
33.5,88.5
33.5,89.5
33.5,90.5
33.5,92.5
33.5,93.5
33.5,94.5
33.5,95.5
33.5,96.5
33.5,97.5
33.5,98.5
33.5,99.5
33.5,91.5
32.5,79.5
32.5,80.5
32.5,81.5
32.5,82.5
32.5,83.5
32.5,84.5
32.5,85.5
32.5,86.5
32.5,87.5
32.5,88.5
32.5,89.5
32.5,90.5
32.5,91.5
32.5,92.5
32.5,93.5
32.5,94.5
32.5,95.5
32.5,96.5
32.5,97.5
32.5,98.5
32.5,99.5
33.5,78.5
34.5,78.5
35.5,78.5
36.5,78.5
37.5,78.5
38.5,78.5
39.5,78.5
40.5,78.5
41.5,78.5
42.5,78.5
43.5,78.5
44.5,78.5
45.5,78.5
46.5,78.5
47.5,78.5
48.5,78.5
49.5,78.5
32.5,78.5
31.5,78.5
31.5,79.5
31.5,80.5
31.5,81.5
31.5,82.5
31.5,83.5
31.5,84.5
31.5,85.5
31.5,86.5
31.5,87.5
31.5,88.5
31.5,89.5
31.5,91.5
31.5,92.5
31.5,93.5
31.5,94.5
31.5,95.5
31.5,96.5
31.5,97.5
31.5,98.5
31.5,99.5
31.5,90.5
30.5,78.5
30.5,79.5
30.5,80.5
30.5,81.5
30.5,82.5
30.5,83.5
30.5,84.5
30.5,85.5
30.5,86.5
30.5,87.5
30.5,88.5
30.5,89.5
30.5,90.5
30.5,91.5
30.5,92.5
30.5,93.5
30.5,94.5
30.5,95.5
30.5,96.5
30.5,97.5
30.5,98.5
30.5,99.5
31.5,77.5
32.5,77.5
33.5,77.5
34.5,77.5
35.5,77.5
36.5,77.5
37.5,77.5
38.5,77.5
39.5,77.5
40.5,77.5
41.5,77.5
42.5,77.5
43.5,77.5
44.5,77.5
45.5,77.5
46.5,77.5
47.5,77.5
48.5,77.5
49.5,77.5
30.5,77.5
29.5,77.5
29.5,78.5
29.5,79.5
29.5,80.5
29.5,81.5
29.5,82.5
29.5,83.5
29.5,84.5
29.5,85.5
29.5,86.5
29.5,87.5
29.5,88.5
29.5,90.5
29.5,91.5
29.5,92.5
29.5,93.5
29.5,94.5
29.5,95.5
29.5,96.5
29.5,97.5
29.5,98.5
29.5,99.5
29.5,89.5
28.5,77.5
28.5,78.5
28.5,79.5
28.5,80.5
28.5,81.5
28.5,82.5
28.5,83.5
28.5,84.5
28.5,85.5
28.5,86.5
28.5,87.5
28.5,88.5
28.5,89.5
28.5,90.5
28.5,91.5
28.5,92.5
28.5,93.5
28.5,94.5
28.5,95.5
28.5,96.5
28.5,97.5
28.5,98.5
28.5,99.5
29.5,76.5
30.5,76.5
31.5,76.5
32.5,76.5
33.5,76.5
34.5,76.5
35.5,76.5
36.5,76.5
37.5,76.5
38.5,76.5
39.5,76.5
40.5,76.5
41.5,76.5
42.5,76.5
43.5,76.5
44.5,76.5
45.5,76.5
46.5,76.5
47.5,76.5
48.5,76.5
49.5,76.5
28.5,76.5
27.5,76.5
27.5,77.5
27.5,78.5
27.5,79.5
27.5,80.5
27.5,81.5
27.5,82.5
27.5,83.5
27.5,84.5
27.5,85.5
27.5,86.5
27.5,87.5
27.5,89.5
27.5,90.5
27.5,91.5
27.5,92.5
27.5,93.5
27.5,94.5
27.5,95.5
27.5,96.5
27.5,97.5
27.5,98.5
27.5,99.5
27.5,88.5
27.5,75.5
28.5,75.5
29.5,75.5
30.5,75.5
31.5,75.5
32.5,75.5
33.5,75.5
34.5,75.5
35.5,75.5
36.5,75.5
37.5,75.5
38.5,75.5
39.5,75.5
40.5,75.5
41.5,75.5
42.5,75.5
43.5,75.5
44.5,75.5
45.5,75.5
46.5,75.5
47.5,75.5
48.5,75.5
49.5,75.5
50.5,74.5
50.5,73.5
50.5,72.5
50.5,71.5
50.5,70.5
50.5,69.5
50.5,68.5
50.5,67.5
50.5,66.5
50.5,65.5
50.5,64.5
50.5,88.5
50.5,89.5
50.5,90.5
50.5,91.5
50.5,92.5
50.5,93.5
50.5,94.5
50.5,95.5
50.5,96.5
50.5,97.5
50.5,98.5
50.5,99.5
50.5,87.5
50.5,86.5
50.5,85.5
50.5,84.5
50.5,83.5
50.5,82.5
50.5,81.5
50.5,80.5
50.5,79.5
50.5,78.5
50.5,77.5
50.5,76.5
50.5,75.5
