x coord,y coord
49.5,0.5
48.5,0.5
47.5,0.5
49.5,1.5
48.5,1.5
47.5,1.5
49.5,2.5
48.5,2.5
47.5,2.5
49.5,3.5
48.5,3.5
47.5,3.5
49.5,4.5
48.5,4.5
47.5,4.5
49.5,5.5
48.5,5.5
47.5,5.5
49.5,6.5
48.5,6.5
47.5,6.5
49.5,7.5
48.5,7.5
47.5,7.5
49.5,8.5
48.5,8.5
47.5,8.5
49.5,9.5
48.5,9.5
47.5,9.5
49.5,10.5
48.5,10.5
47.5,10.5
48.5,11.5
49.5,11.5
49.5,17.5
49.5,16.5
49.5,15.5
49.5,14.5
49.5,13.5
49.5,12.5
48.5,17.5
48.5,16.5
48.5,15.5
48.5,14.5
48.5,13.5
48.5,12.5
47.5,17.5
47.5,16.5
47.5,15.5
47.5,14.5
47.5,13.5
47.5,12.5
47.5,11.5
50.5,0.5
50.5,1.5
50.5,2.5
50.5,3.5
50.5,4.5
50.5,5.5
50.5,6.5
50.5,7.5
50.5,8.5
50.5,9.5
50.5,10.5
50.5,11.5
50.5,12.5
50.5,17.5
50.5,16.5
50.5,15.5
50.5,14.5
50.5,13.5
52.5,0.5
53.5,0.5
54.5,0.5
55.5,0.5
56.5,0.5
57.5,0.5
58.5,0.5
59.5,0.5
60.5,0.5
61.5,0.5
62.5,0.5
63.5,0.5
64.5,0.5
65.5,0.5
66.5,0.5
67.5,0.5
68.5,0.5
69.5,0.5
70.5,0.5
51.5,0.5
51.5,1.5
51.5,2.5
51.5,3.5
51.5,4.5
51.5,5.5
51.5,6.5
51.5,7.5
51.5,8.5
51.5,9.5
51.5,10.5
51.5,11.5
51.5,12.5
51.5,17.5
51.5,16.5
51.5,15.5
51.5,14.5
51.5,13.5
52.5,1.5
52.5,2.5
52.5,3.5
52.5,4.5
52.5,5.5
52.5,6.5
52.5,7.5
52.5,8.5
52.5,9.5
52.5,10.5
52.5,11.5
52.5,12.5
52.5,13.5
52.5,17.5
52.5,16.5
52.5,15.5
52.5,14.5
54.5,1.5
55.5,1.5
56.5,1.5
57.5,1.5
58.5,1.5
59.5,1.5
60.5,1.5
61.5,1.5
62.5,1.5
63.5,1.5
64.5,1.5
65.5,1.5
66.5,1.5
67.5,1.5
68.5,1.5
69.5,1.5
70.5,1.5
53.5,1.5
53.5,2.5
53.5,3.5
53.5,4.5
53.5,5.5
53.5,6.5
53.5,7.5
53.5,8.5
53.5,9.5
53.5,10.5
53.5,11.5
53.5,12.5
53.5,13.5
53.5,17.5
53.5,16.5
53.5,15.5
53.5,14.5
54.5,2.5
54.5,3.5
54.5,4.5
54.5,5.5
54.5,6.5
54.5,7.5
54.5,8.5
54.5,9.5
54.5,10.5
54.5,11.5
54.5,12.5
54.5,13.5
54.5,14.5
54.5,17.5
54.5,16.5
54.5,15.5
56.5,2.5
57.5,2.5
58.5,2.5
59.5,2.5
60.5,2.5
61.5,2.5
62.5,2.5
63.5,2.5
64.5,2.5
65.5,2.5
66.5,2.5
67.5,2.5
68.5,2.5
69.5,2.5
70.5,2.5
55.5,2.5
55.5,3.5
55.5,4.5
55.5,5.5
55.5,6.5
55.5,7.5
55.5,8.5
55.5,9.5
55.5,10.5
55.5,11.5
55.5,12.5
55.5,13.5
55.5,14.5
55.5,17.5
55.5,16.5
55.5,15.5
56.5,3.5
56.5,4.5
56.5,5.5
56.5,6.5
56.5,7.5
56.5,8.5
56.5,9.5
56.5,10.5
56.5,11.5
56.5,12.5
56.5,13.5
56.5,14.5
56.5,15.5
56.5,17.5
56.5,16.5
58.5,3.5
59.5,3.5
60.5,3.5
61.5,3.5
62.5,3.5
63.5,3.5
64.5,3.5
65.5,3.5
66.5,3.5
67.5,3.5
68.5,3.5
69.5,3.5
70.5,3.5
57.5,3.5
57.5,4.5
57.5,5.5
57.5,6.5
57.5,7.5
57.5,8.5
57.5,9.5
57.5,10.5
57.5,11.5
57.5,12.5
57.5,13.5
57.5,14.5
57.5,15.5
57.5,17.5
57.5,16.5
58.5,4.5
58.5,5.5
58.5,6.5
58.5,7.5
58.5,8.5
58.5,9.5
58.5,10.5
58.5,11.5
58.5,12.5
58.5,13.5
58.5,14.5
58.5,15.5
58.5,16.5
58.5,17.5
60.5,4.5
61.5,4.5
62.5,4.5
63.5,4.5
64.5,4.5
65.5,4.5
66.5,4.5
67.5,4.5
68.5,4.5
69.5,4.5
70.5,4.5
59.5,4.5
59.5,5.5
59.5,6.5
59.5,7.5
59.5,8.5
59.5,9.5
59.5,10.5
59.5,11.5
59.5,12.5
59.5,13.5
59.5,14.5
59.5,15.5
59.5,16.5
59.5,17.5
60.5,5.5
60.5,6.5
60.5,7.5
60.5,8.5
60.5,9.5
60.5,10.5
60.5,11.5
60.5,12.5
60.5,13.5
60.5,14.5
60.5,15.5
60.5,16.5
60.5,17.5
62.5,5.5
63.5,5.5
64.5,5.5
65.5,5.5
66.5,5.5
67.5,5.5
68.5,5.5
69.5,5.5
70.5,5.5
61.5,5.5
61.5,6.5
61.5,7.5
61.5,8.5
61.5,9.5
61.5,10.5
61.5,11.5
61.5,12.5
61.5,13.5
61.5,14.5
61.5,15.5
61.5,16.5
61.5,17.5
62.5,6.5
62.5,7.5
62.5,8.5
62.5,9.5
62.5,10.5
62.5,11.5
62.5,12.5
62.5,13.5
62.5,14.5
62.5,15.5
62.5,16.5
62.5,17.5
64.5,6.5
65.5,6.5
66.5,6.5
67.5,6.5
68.5,6.5
69.5,6.5
70.5,6.5
63.5,6.5
63.5,7.5
63.5,8.5
63.5,9.5
63.5,10.5
63.5,11.5
63.5,12.5
63.5,13.5
63.5,14.5
63.5,15.5
63.5,16.5
63.5,17.5
64.5,7.5
64.5,8.5
64.5,9.5
64.5,10.5
64.5,11.5
64.5,12.5
64.5,13.5
64.5,14.5
64.5,15.5
64.5,16.5
64.5,17.5
66.5,7.5
67.5,7.5
68.5,7.5
69.5,7.5
70.5,7.5
65.5,7.5
65.5,8.5
65.5,9.5
65.5,10.5
65.5,11.5
65.5,12.5
65.5,13.5
65.5,14.5
65.5,15.5
65.5,16.5
65.5,17.5
66.5,8.5
66.5,9.5
66.5,10.5
66.5,11.5
66.5,12.5
66.5,13.5
66.5,14.5
66.5,15.5
66.5,16.5
66.5,17.5
68.5,8.5
69.5,8.5
70.5,8.5
67.5,8.5
67.5,9.5
67.5,10.5
67.5,11.5
67.5,12.5
67.5,13.5
67.5,14.5
67.5,15.5
67.5,16.5
67.5,17.5
68.5,9.5
68.5,10.5
68.5,11.5
68.5,12.5
68.5,13.5
68.5,14.5
68.5,15.5
68.5,16.5
68.5,17.5
70.5,9.5
69.5,9.5
69.5,10.5
69.5,11.5
69.5,12.5
69.5,13.5
69.5,14.5
69.5,15.5
69.5,16.5
69.5,17.5
70.5,10.5
70.5,11.5
70.5,12.5
70.5,13.5
70.5,14.5
70.5,15.5
70.5,16.5
70.5,17.5
49.5,74.5
48.5,74.5
47.5,74.5
49.5,87.5
49.5,88.5
49.5,89.5
49.5,90.5
49.5,91.5
49.5,92.5
49.5,93.5
49.5,94.5
49.5,95.5
49.5,96.5
49.5,97.5
49.5,98.5
49.5,99.5
48.5,87.5
48.5,88.5
48.5,89.5
48.5,90.5
48.5,91.5
48.5,92.5
48.5,93.5
48.5,94.5
48.5,95.5
48.5,96.5
48.5,97.5
48.5,98.5
48.5,99.5
49.5,86.5
48.5,86.5
47.5,86.5
47.5,87.5
47.5,88.5
47.5,89.5
47.5,90.5
47.5,91.5
47.5,92.5
47.5,93.5
47.5,94.5
47.5,95.5
47.5,96.5
47.5,97.5
47.5,99.5
47.5,98.5
47.5,85.5
48.5,85.5
49.5,85.5
47.5,84.5
48.5,84.5
49.5,84.5
47.5,83.5
48.5,83.5
49.5,83.5
47.5,82.5
48.5,82.5
49.5,82.5
47.5,81.5
48.5,81.5
49.5,81.5
47.5,80.5
48.5,80.5
49.5,80.5
47.5,79.5
48.5,79.5
49.5,79.5
47.5,78.5
48.5,78.5
49.5,78.5
47.5,77.5
48.5,77.5
49.5,77.5
47.5,76.5
48.5,76.5
49.5,76.5
47.5,75.5
48.5,75.5
49.5,75.5
50.5,74.5
51.5,74.5
52.5,74.5
53.5,74.5
54.5,74.5
55.5,74.5
56.5,74.5
57.5,74.5
58.5,74.5
59.5,74.5
60.5,74.5
61.5,74.5
62.5,74.5
63.5,74.5
64.5,74.5
65.5,74.5
66.5,74.5
67.5,74.5
68.5,74.5
69.5,74.5
70.5,74.5
50.5,88.5
50.5,89.5
50.5,90.5
50.5,91.5
50.5,92.5
50.5,93.5
50.5,94.5
50.5,95.5
50.5,96.5
50.5,97.5
50.5,98.5
50.5,99.5
50.5,87.5
50.5,86.5
50.5,85.5
50.5,84.5
50.5,83.5
50.5,82.5
50.5,81.5
50.5,80.5
50.5,79.5
50.5,78.5
50.5,77.5
50.5,76.5
50.5,75.5
51.5,75.5
51.5,88.5
51.5,89.5
51.5,90.5
51.5,91.5
51.5,92.5
51.5,93.5
51.5,94.5
51.5,95.5
51.5,96.5
51.5,97.5
51.5,98.5
51.5,99.5
51.5,87.5
51.5,86.5
51.5,85.5
51.5,84.5
51.5,83.5
51.5,82.5
51.5,81.5
51.5,80.5
51.5,79.5
51.5,78.5
51.5,77.5
51.5,76.5
52.5,89.5
52.5,90.5
52.5,91.5
52.5,92.5
52.5,93.5
52.5,94.5
52.5,95.5
52.5,96.5
52.5,97.5
52.5,98.5
52.5,99.5
52.5,88.5
52.5,87.5
52.5,86.5
52.5,85.5
52.5,84.5
52.5,83.5
52.5,82.5
52.5,81.5
52.5,80.5
52.5,79.5
52.5,78.5
52.5,77.5
52.5,76.5
53.5,76.5
53.5,89.5
53.5,90.5
53.5,91.5
53.5,92.5
53.5,93.5
53.5,94.5
53.5,95.5
53.5,96.5
53.5,97.5
53.5,98.5
53.5,99.5
53.5,88.5
53.5,87.5
53.5,86.5
53.5,85.5
53.5,84.5
53.5,83.5
53.5,82.5
53.5,81.5
53.5,80.5
53.5,79.5
53.5,78.5
53.5,77.5
54.5,90.5
54.5,91.5
54.5,92.5
54.5,93.5
54.5,94.5
54.5,95.5
54.5,96.5
54.5,97.5
54.5,98.5
54.5,99.5
54.5,89.5
54.5,88.5
54.5,87.5
54.5,86.5
54.5,85.5
54.5,84.5
54.5,83.5
54.5,82.5
54.5,81.5
54.5,80.5
54.5,79.5
54.5,78.5
54.5,77.5
55.5,77.5
55.5,90.5
55.5,91.5
55.5,92.5
55.5,93.5
55.5,94.5
55.5,95.5
55.5,96.5
55.5,97.5
55.5,98.5
55.5,99.5
55.5,89.5
55.5,88.5
55.5,87.5
55.5,86.5
55.5,85.5
55.5,84.5
55.5,83.5
55.5,82.5
55.5,81.5
55.5,80.5
55.5,79.5
55.5,78.5
56.5,91.5
56.5,92.5
56.5,93.5
56.5,94.5
56.5,95.5
56.5,96.5
56.5,97.5
56.5,98.5
56.5,99.5
56.5,90.5
56.5,89.5
56.5,88.5
56.5,87.5
56.5,86.5
56.5,85.5
56.5,84.5
56.5,83.5
56.5,82.5
56.5,81.5
56.5,80.5
56.5,79.5
56.5,78.5
57.5,78.5
57.5,91.5
57.5,92.5
57.5,93.5
57.5,94.5
57.5,95.5
57.5,96.5
57.5,97.5
57.5,98.5
57.5,99.5
57.5,90.5
57.5,89.5
57.5,88.5
57.5,87.5
57.5,86.5
57.5,85.5
57.5,84.5
57.5,83.5
57.5,82.5
57.5,81.5
57.5,80.5
57.5,79.5
58.5,92.5
58.5,93.5
58.5,94.5
58.5,95.5
58.5,96.5
58.5,97.5
58.5,98.5
58.5,99.5
58.5,91.5
58.5,90.5
58.5,89.5
58.5,88.5
58.5,87.5
58.5,86.5
58.5,85.5
58.5,84.5
58.5,83.5
58.5,82.5
58.5,81.5
58.5,80.5
58.5,79.5
59.5,79.5
59.5,92.5
59.5,93.5
59.5,94.5
59.5,95.5
59.5,96.5
59.5,97.5
59.5,98.5
59.5,99.5
59.5,91.5
59.5,90.5
59.5,89.5
59.5,88.5
59.5,87.5
59.5,86.5
59.5,85.5
59.5,84.5
59.5,83.5
59.5,82.5
59.5,81.5
59.5,80.5
60.5,93.5
60.5,94.5
60.5,95.5
60.5,96.5
60.5,97.5
60.5,98.5
60.5,99.5
60.5,92.5
60.5,91.5
60.5,90.5
60.5,89.5
60.5,88.5
60.5,87.5
60.5,86.5
60.5,85.5
60.5,84.5
60.5,83.5
60.5,82.5
60.5,81.5
60.5,80.5
61.5,80.5
61.5,93.5
61.5,94.5
61.5,95.5
61.5,96.5
61.5,97.5
61.5,98.5
61.5,99.5
61.5,92.5
61.5,91.5
61.5,90.5
61.5,89.5
61.5,88.5
61.5,87.5
61.5,86.5
61.5,85.5
61.5,84.5
61.5,83.5
61.5,82.5
61.5,81.5
62.5,94.5
62.5,95.5
62.5,96.5
62.5,97.5
62.5,98.5
62.5,99.5
62.5,93.5
62.5,92.5
62.5,91.5
62.5,90.5
62.5,89.5
62.5,88.5
62.5,87.5
62.5,86.5
62.5,85.5
62.5,84.5
62.5,83.5
62.5,82.5
62.5,81.5
63.5,81.5
63.5,94.5
63.5,95.5
63.5,96.5
63.5,97.5
63.5,98.5
63.5,99.5
63.5,93.5
63.5,92.5
63.5,91.5
63.5,90.5
63.5,89.5
63.5,88.5
63.5,87.5
63.5,86.5
63.5,85.5
63.5,84.5
63.5,83.5
63.5,82.5
64.5,95.5
64.5,96.5
64.5,97.5
64.5,98.5
64.5,99.5
64.5,94.5
64.5,93.5
64.5,92.5
64.5,91.5
64.5,90.5
64.5,89.5
64.5,88.5
64.5,87.5
64.5,86.5
64.5,85.5
64.5,84.5
64.5,83.5
64.5,82.5
65.5,82.5
65.5,95.5
65.5,96.5
65.5,97.5
65.5,98.5
65.5,99.5
65.5,94.5
65.5,93.5
65.5,92.5
65.5,91.5
65.5,90.5
65.5,89.5
65.5,88.5
65.5,87.5
65.5,86.5
65.5,85.5
65.5,84.5
65.5,83.5
66.5,96.5
66.5,97.5
66.5,98.5
66.5,99.5
66.5,95.5
66.5,94.5
66.5,93.5
66.5,92.5
66.5,91.5
66.5,90.5
66.5,89.5
66.5,88.5
66.5,87.5
66.5,86.5
66.5,85.5
66.5,84.5
66.5,83.5
67.5,83.5
67.5,96.5
67.5,97.5
67.5,98.5
67.5,99.5
67.5,95.5
67.5,94.5
67.5,93.5
67.5,92.5
67.5,91.5
67.5,90.5
67.5,89.5
67.5,88.5
67.5,87.5
67.5,86.5
67.5,85.5
67.5,84.5
68.5,97.5
68.5,98.5
68.5,99.5
68.5,96.5
68.5,95.5
68.5,94.5
68.5,93.5
68.5,92.5
68.5,91.5
68.5,90.5
68.5,89.5
68.5,88.5
68.5,87.5
68.5,86.5
68.5,85.5
68.5,84.5
69.5,84.5
69.5,97.5
69.5,98.5
69.5,99.5
69.5,96.5
69.5,95.5
69.5,94.5
69.5,93.5
69.5,92.5
69.5,91.5
69.5,90.5
69.5,89.5
69.5,88.5
69.5,87.5
69.5,86.5
69.5,85.5
70.5,98.5
70.5,99.5
70.5,97.5
70.5,96.5
70.5,95.5
70.5,94.5
70.5,93.5
70.5,92.5
70.5,91.5
70.5,90.5
70.5,89.5
70.5,88.5
70.5,87.5
70.5,86.5
70.5,85.5
70.5,84.5
70.5,83.5
69.5,83.5
68.5,83.5
70.5,82.5
69.5,82.5
68.5,82.5
67.5,82.5
66.5,82.5
70.5,81.5
69.5,81.5
68.5,81.5
67.5,81.5
66.5,81.5
65.5,81.5
64.5,81.5
70.5,80.5
69.5,80.5
68.5,80.5
67.5,80.5
66.5,80.5
65.5,80.5
64.5,80.5
63.5,80.5
62.5,80.5
70.5,79.5
69.5,79.5
68.5,79.5
67.5,79.5
66.5,79.5
65.5,79.5
64.5,79.5
63.5,79.5
62.5,79.5
61.5,79.5
60.5,79.5
70.5,78.5
69.5,78.5
68.5,78.5
67.5,78.5
66.5,78.5
65.5,78.5
64.5,78.5
63.5,78.5
62.5,78.5
61.5,78.5
60.5,78.5
59.5,78.5
58.5,78.5
70.5,77.5
69.5,77.5
68.5,77.5
67.5,77.5
66.5,77.5
65.5,77.5
64.5,77.5
63.5,77.5
62.5,77.5
61.5,77.5
60.5,77.5
59.5,77.5
58.5,77.5
57.5,77.5
56.5,77.5
70.5,76.5
69.5,76.5
68.5,76.5
67.5,76.5
66.5,76.5
65.5,76.5
64.5,76.5
63.5,76.5
62.5,76.5
61.5,76.5
60.5,76.5
59.5,76.5
58.5,76.5
57.5,76.5
56.5,76.5
55.5,76.5
54.5,76.5
70.5,75.5
69.5,75.5
68.5,75.5
67.5,75.5
66.5,75.5
65.5,75.5
64.5,75.5
63.5,75.5
62.5,75.5
61.5,75.5
60.5,75.5
59.5,75.5
58.5,75.5
57.5,75.5
56.5,75.5
55.5,75.5
54.5,75.5
53.5,75.5
52.5,75.5
