x coord,y coord
17.5,0.5
18.5,0.5
19.5,0.5
20.5,0.5
21.5,0.5
22.5,0.5
23.5,0.5
24.5,0.5
17.5,1.5
18.5,1.5
19.5,1.5
20.5,1.5
21.5,1.5
22.5,1.5
23.5,1.5
24.5,1.5
17.5,2.5
18.5,2.5
19.5,2.5
20.5,2.5
21.5,2.5
22.5,2.5
23.5,2.5
24.5,2.5
26.5,0.5
40.5,0.5
39.5,0.5
38.5,0.5
37.5,0.5
36.5,0.5
35.5,0.5
34.5,0.5
33.5,0.5
32.5,0.5
31.5,0.5
30.5,0.5
29.5,0.5
28.5,0.5
27.5,0.5
28.5,1.5
40.5,1.5
39.5,1.5
38.5,1.5
37.5,1.5
36.5,1.5
35.5,1.5
34.5,1.5
33.5,1.5
32.5,1.5
31.5,1.5
30.5,1.5
29.5,1.5
30.5,2.5
40.5,2.5
39.5,2.5
38.5,2.5
37.5,2.5
36.5,2.5
35.5,2.5
34.5,2.5
33.5,2.5
32.5,2.5
31.5,2.5
29.5,2.5
28.5,2.5
27.5,2.5
27.5,1.5
26.5,2.5
26.5,1.5
25.5,2.5
25.5,1.5
25.5,0.5
17.5,59.5
17.5,60.5
17.5,61.5
17.5,62.5
17.5,63.5
17.5,64.5
17.5,65.5
17.5,66.5
17.5,67.5
17.5,68.5
17.5,69.5
17.5,70.5
17.5,74.5
17.5,73.5
17.5,72.5
17.5,71.5
18.5,59.5
18.5,60.5
18.5,61.5
18.5,62.5
18.5,63.5
18.5,64.5
18.5,65.5
18.5,66.5
18.5,67.5
18.5,68.5
18.5,69.5
18.5,70.5
18.5,71.5
18.5,74.5
18.5,73.5
18.5,72.5
20.5,59.5
21.5,59.5
22.5,59.5
23.5,59.5
24.5,59.5
19.5,59.5
19.5,60.5
19.5,61.5
19.5,62.5
19.5,63.5
19.5,64.5
19.5,65.5
19.5,66.5
19.5,67.5
19.5,68.5
19.5,69.5
19.5,70.5
19.5,71.5
19.5,74.5
19.5,73.5
19.5,72.5
20.5,60.5
20.5,61.5
20.5,62.5
20.5,63.5
20.5,64.5
20.5,65.5
20.5,66.5
20.5,67.5
20.5,68.5
20.5,69.5
20.5,70.5
20.5,71.5
20.5,72.5
20.5,74.5
20.5,73.5
22.5,60.5
23.5,60.5
24.5,60.5
21.5,60.5
21.5,61.5
21.5,62.5
21.5,63.5
21.5,64.5
21.5,65.5
21.5,66.5
21.5,67.5
21.5,68.5
21.5,69.5
21.5,70.5
21.5,71.5
21.5,72.5
21.5,74.5
21.5,73.5
22.5,61.5
22.5,62.5
22.5,63.5
22.5,64.5
22.5,65.5
22.5,66.5
22.5,67.5
22.5,68.5
22.5,69.5
22.5,70.5
22.5,71.5
22.5,72.5
22.5,73.5
22.5,74.5
24.5,61.5
23.5,61.5
23.5,62.5
23.5,63.5
23.5,64.5
23.5,65.5
23.5,66.5
23.5,67.5
23.5,68.5
23.5,69.5
23.5,70.5
23.5,71.5
23.5,72.5
23.5,73.5
23.5,74.5
24.5,62.5
24.5,63.5
24.5,64.5
24.5,65.5
24.5,66.5
24.5,67.5
24.5,68.5
24.5,69.5
24.5,70.5
24.5,71.5
24.5,72.5
24.5,73.5
24.5,74.5
40.5,74.5
40.5,73.5
40.5,72.5
40.5,71.5
40.5,70.5
40.5,69.5
40.5,68.5
40.5,67.5
40.5,66.5
40.5,65.5
40.5,64.5
40.5,63.5
40.5,62.5
40.5,61.5
40.5,60.5
40.5,59.5
39.5,74.5
39.5,73.5
39.5,72.5
39.5,71.5
39.5,70.5
39.5,69.5
39.5,68.5
39.5,67.5
39.5,66.5
39.5,65.5
39.5,64.5
39.5,63.5
39.5,62.5
39.5,61.5
39.5,60.5
39.5,59.5
38.5,74.5
38.5,73.5
38.5,72.5
38.5,71.5
38.5,70.5
38.5,69.5
38.5,68.5
38.5,67.5
38.5,66.5
38.5,65.5
38.5,64.5
38.5,63.5
38.5,62.5
38.5,61.5
38.5,60.5
38.5,59.5
37.5,74.5
37.5,73.5
37.5,72.5
37.5,71.5
37.5,70.5
37.5,69.5
37.5,68.5
37.5,67.5
37.5,66.5
37.5,65.5
37.5,64.5
37.5,63.5
37.5,62.5
37.5,61.5
37.5,60.5
37.5,59.5
36.5,74.5
36.5,73.5
36.5,72.5
36.5,71.5
36.5,70.5
36.5,69.5
36.5,68.5
36.5,67.5
36.5,66.5
36.5,65.5
36.5,64.5
36.5,63.5
36.5,62.5
36.5,61.5
36.5,60.5
36.5,59.5
35.5,74.5
35.5,73.5
35.5,72.5
35.5,71.5
35.5,70.5
35.5,69.5
35.5,68.5
35.5,67.5
35.5,66.5
35.5,65.5
35.5,64.5
35.5,63.5
35.5,62.5
35.5,61.5
35.5,60.5
35.5,59.5
34.5,74.5
34.5,73.5
34.5,72.5
34.5,71.5
34.5,70.5
34.5,69.5
34.5,68.5
34.5,67.5
34.5,66.5
34.5,65.5
34.5,64.5
34.5,63.5
34.5,62.5
34.5,61.5
34.5,60.5
34.5,59.5
33.5,74.5
33.5,73.5
33.5,72.5
33.5,71.5
33.5,70.5
33.5,69.5
33.5,68.5
33.5,67.5
33.5,66.5
33.5,65.5
33.5,64.5
33.5,63.5
33.5,62.5
33.5,61.5
33.5,60.5
33.5,59.5
32.5,74.5
32.5,73.5
32.5,72.5
32.5,71.5
32.5,70.5
32.5,69.5
32.5,68.5
32.5,67.5
32.5,66.5
32.5,65.5
32.5,64.5
32.5,63.5
32.5,62.5
32.5,61.5
32.5,60.5
32.5,59.5
31.5,74.5
31.5,73.5
31.5,72.5
31.5,71.5
31.5,70.5
31.5,69.5
31.5,68.5
31.5,67.5
31.5,66.5
31.5,65.5
31.5,64.5
31.5,63.5
31.5,62.5
31.5,61.5
31.5,60.5
31.5,59.5
30.5,74.5
30.5,73.5
30.5,72.5
30.5,71.5
30.5,70.5
30.5,69.5
30.5,68.5
30.5,67.5
30.5,66.5
30.5,65.5
30.5,64.5
30.5,63.5
30.5,62.5
30.5,61.5
30.5,60.5
30.5,59.5
29.5,74.5
29.5,73.5
29.5,72.5
29.5,71.5
29.5,70.5
29.5,69.5
29.5,68.5
29.5,67.5
29.5,66.5
29.5,65.5
29.5,64.5
29.5,63.5
29.5,62.5
29.5,61.5
29.5,60.5
29.5,59.5
28.5,74.5
28.5,73.5
28.5,72.5
28.5,71.5
28.5,70.5
28.5,69.5
28.5,68.5
28.5,67.5
28.5,66.5
28.5,65.5
28.5,64.5
28.5,63.5
28.5,62.5
28.5,61.5
28.5,60.5
28.5,59.5
27.5,74.5
27.5,73.5
27.5,72.5
27.5,71.5
27.5,70.5
27.5,69.5
27.5,68.5
27.5,67.5
27.5,66.5
27.5,65.5
27.5,64.5
27.5,63.5
27.5,62.5
27.5,61.5
27.5,60.5
27.5,59.5
26.5,74.5
26.5,73.5
26.5,72.5
26.5,71.5
26.5,70.5
26.5,69.5
26.5,68.5
26.5,67.5
26.5,66.5
26.5,65.5
26.5,64.5
26.5,63.5
26.5,62.5
26.5,61.5
26.5,60.5
26.5,59.5
25.5,74.5
25.5,73.5
25.5,72.5
25.5,71.5
25.5,70.5
25.5,69.5
25.5,68.5
25.5,67.5
25.5,66.5
25.5,65.5
25.5,64.5
25.5,63.5
25.5,62.5
25.5,61.5
25.5,60.5
25.5,59.5
17.5,83.5
17.5,96.5
17.5,97.5
17.5,98.5
17.5,99.5
17.5,95.5
17.5,94.5
17.5,93.5
17.5,92.5
17.5,91.5
17.5,90.5
17.5,89.5
17.5,88.5
17.5,87.5
17.5,86.5
17.5,85.5
17.5,84.5
18.5,97.5
18.5,98.5
18.5,99.5
18.5,96.5
18.5,95.5
18.5,94.5
18.5,93.5
18.5,92.5
18.5,91.5
18.5,90.5
18.5,89.5
18.5,88.5
18.5,87.5
18.5,86.5
18.5,85.5
18.5,84.5
19.5,84.5
19.5,97.5
19.5,98.5
19.5,99.5
19.5,96.5
19.5,95.5
19.5,94.5
19.5,93.5
19.5,92.5
19.5,91.5
19.5,90.5
19.5,89.5
19.5,88.5
19.5,87.5
19.5,86.5
19.5,85.5
20.5,98.5
20.5,99.5
20.5,97.5
20.5,96.5
20.5,95.5
20.5,94.5
20.5,93.5
20.5,92.5
20.5,91.5
20.5,90.5
20.5,89.5
20.5,88.5
20.5,87.5
20.5,86.5
20.5,85.5
21.5,85.5
21.5,98.5
21.5,99.5
21.5,97.5
21.5,96.5
21.5,95.5
21.5,94.5
21.5,93.5
21.5,92.5
21.5,91.5
21.5,90.5
21.5,89.5
21.5,88.5
21.5,87.5
21.5,86.5
22.5,99.5
22.5,98.5
22.5,97.5
22.5,96.5
22.5,95.5
22.5,94.5
22.5,93.5
22.5,92.5
22.5,91.5
22.5,90.5
22.5,89.5
22.5,88.5
22.5,87.5
22.5,86.5
23.5,86.5
23.5,99.5
23.5,98.5
23.5,97.5
23.5,96.5
23.5,95.5
23.5,94.5
23.5,93.5
23.5,92.5
23.5,91.5
23.5,90.5
23.5,89.5
23.5,88.5
23.5,87.5
24.5,99.5
24.5,98.5
24.5,97.5
24.5,96.5
24.5,95.5
24.5,94.5
24.5,93.5
24.5,92.5
24.5,91.5
24.5,90.5
24.5,89.5
24.5,88.5
24.5,87.5
24.5,86.5
24.5,85.5
23.5,85.5
22.5,85.5
24.5,84.5
23.5,84.5
22.5,84.5
21.5,84.5
20.5,84.5
24.5,83.5
23.5,83.5
22.5,83.5
21.5,83.5
20.5,83.5
19.5,83.5
18.5,83.5
24.5,82.5
23.5,82.5
22.5,82.5
21.5,82.5
20.5,82.5
19.5,82.5
18.5,82.5
17.5,82.5
24.5,81.5
23.5,81.5
22.5,81.5
21.5,81.5
20.5,81.5
19.5,81.5
18.5,81.5
17.5,81.5
24.5,80.5
23.5,80.5
22.5,80.5
21.5,80.5
20.5,80.5
19.5,80.5
18.5,80.5
17.5,80.5
24.5,79.5
23.5,79.5
22.5,79.5
21.5,79.5
20.5,79.5
19.5,79.5
18.5,79.5
17.5,79.5
24.5,78.5
23.5,78.5
22.5,78.5
21.5,78.5
20.5,78.5
19.5,78.5
18.5,78.5
17.5,78.5
24.5,77.5
23.5,77.5
22.5,77.5
21.5,77.5
20.5,77.5
19.5,77.5
18.5,77.5
17.5,77.5
24.5,76.5
23.5,76.5
22.5,76.5
21.5,76.5
20.5,76.5
19.5,76.5
18.5,76.5
17.5,76.5
24.5,75.5
23.5,75.5
22.5,75.5
21.5,75.5
20.5,75.5
19.5,75.5
18.5,75.5
17.5,75.5
40.5,83.5
40.5,84.5
40.5,85.5
40.5,86.5
40.5,87.5
40.5,88.5
40.5,89.5
40.5,90.5
40.5,91.5
40.5,92.5
40.5,93.5
40.5,94.5
40.5,95.5
40.5,96.5
40.5,97.5
40.5,98.5
40.5,99.5
40.5,82.5
39.5,82.5
39.5,83.5
39.5,84.5
39.5,85.5
39.5,86.5
39.5,87.5
39.5,88.5
39.5,89.5
39.5,90.5
39.5,91.5
39.5,92.5
39.5,93.5
39.5,95.5
39.5,96.5
39.5,97.5
39.5,98.5
39.5,99.5
39.5,94.5
38.5,82.5
38.5,83.5
38.5,84.5
38.5,85.5
38.5,86.5
38.5,87.5
38.5,88.5
38.5,89.5
38.5,90.5
38.5,91.5
38.5,92.5
38.5,93.5
38.5,94.5
38.5,95.5
38.5,96.5
38.5,97.5
38.5,98.5
38.5,99.5
39.5,81.5
40.5,81.5
38.5,81.5
37.5,81.5
37.5,82.5
37.5,83.5
37.5,84.5
37.5,85.5
37.5,86.5
37.5,87.5
37.5,88.5
37.5,89.5
37.5,90.5
37.5,91.5
37.5,92.5
37.5,94.5
37.5,95.5
37.5,96.5
37.5,97.5
37.5,98.5
37.5,99.5
37.5,93.5
36.5,81.5
36.5,82.5
36.5,83.5
36.5,84.5
36.5,85.5
36.5,86.5
36.5,87.5
36.5,88.5
36.5,89.5
36.5,90.5
36.5,91.5
36.5,92.5
36.5,93.5
36.5,94.5
36.5,95.5
36.5,96.5
36.5,97.5
36.5,98.5
36.5,99.5
37.5,80.5
38.5,80.5
39.5,80.5
40.5,80.5
36.5,80.5
35.5,80.5
35.5,81.5
35.5,82.5
35.5,83.5
35.5,84.5
35.5,85.5
35.5,86.5
35.5,87.5
35.5,88.5
35.5,89.5
35.5,90.5
35.5,91.5
35.5,93.5
35.5,94.5
35.5,95.5
35.5,96.5
35.5,97.5
35.5,98.5
35.5,99.5
35.5,92.5
34.5,80.5
34.5,81.5
34.5,82.5
34.5,83.5
34.5,84.5
34.5,85.5
34.5,86.5
34.5,87.5
34.5,88.5
34.5,89.5
34.5,90.5
34.5,91.5
34.5,92.5
34.5,93.5
34.5,94.5
34.5,95.5
34.5,96.5
34.5,97.5
34.5,98.5
34.5,99.5
35.5,79.5
36.5,79.5
37.5,79.5
38.5,79.5
39.5,79.5
40.5,79.5
34.5,79.5
33.5,79.5
33.5,80.5
33.5,81.5
33.5,82.5
33.5,83.5
33.5,84.5
33.5,85.5
33.5,86.5
33.5,87.5
33.5,88.5
33.5,89.5
33.5,90.5
33.5,92.5
33.5,93.5
33.5,94.5
33.5,95.5
33.5,96.5
33.5,97.5
33.5,98.5
33.5,99.5
33.5,91.5
32.5,79.5
32.5,80.5
32.5,81.5
32.5,82.5
32.5,83.5
32.5,84.5
32.5,85.5
32.5,86.5
32.5,87.5
32.5,88.5
32.5,89.5
32.5,90.5
32.5,91.5
32.5,92.5
32.5,93.5
32.5,94.5
32.5,95.5
32.5,96.5
32.5,97.5
32.5,98.5
32.5,99.5
33.5,78.5
34.5,78.5
35.5,78.5
36.5,78.5
37.5,78.5
38.5,78.5
39.5,78.5
40.5,78.5
32.5,78.5
31.5,78.5
31.5,79.5
31.5,80.5
31.5,81.5
31.5,82.5
31.5,83.5
31.5,84.5
31.5,85.5
31.5,86.5
31.5,87.5
31.5,88.5
31.5,89.5
31.5,91.5
31.5,92.5
31.5,93.5
31.5,94.5
31.5,95.5
31.5,96.5
31.5,97.5
31.5,98.5
31.5,99.5
31.5,90.5
30.5,78.5
30.5,79.5
30.5,80.5
30.5,81.5
30.5,82.5
30.5,83.5
30.5,84.5
30.5,85.5
30.5,86.5
30.5,87.5
30.5,88.5
30.5,89.5
30.5,90.5
30.5,91.5
30.5,92.5
30.5,93.5
30.5,94.5
30.5,95.5
30.5,96.5
30.5,97.5
30.5,98.5
30.5,99.5
31.5,77.5
32.5,77.5
33.5,77.5
34.5,77.5
35.5,77.5
36.5,77.5
37.5,77.5
38.5,77.5
39.5,77.5
40.5,77.5
30.5,77.5
29.5,77.5
29.5,78.5
29.5,79.5
29.5,80.5
29.5,81.5
29.5,82.5
29.5,83.5
29.5,84.5
29.5,85.5
29.5,86.5
29.5,87.5
29.5,88.5
29.5,90.5
29.5,91.5
29.5,92.5
29.5,93.5
29.5,94.5
29.5,95.5
29.5,96.5
29.5,97.5
29.5,98.5
29.5,99.5
29.5,89.5
28.5,77.5
28.5,78.5
28.5,79.5
28.5,80.5
28.5,81.5
28.5,82.5
28.5,83.5
28.5,84.5
28.5,85.5
28.5,86.5
28.5,87.5
28.5,88.5
28.5,89.5
28.5,90.5
28.5,91.5
28.5,92.5
28.5,93.5
28.5,94.5
28.5,95.5
28.5,96.5
28.5,97.5
28.5,98.5
28.5,99.5
29.5,76.5
30.5,76.5
31.5,76.5
32.5,76.5
33.5,76.5
34.5,76.5
35.5,76.5
36.5,76.5
37.5,76.5
38.5,76.5
39.5,76.5
40.5,76.5
28.5,76.5
27.5,76.5
27.5,77.5
27.5,78.5
27.5,79.5
27.5,80.5
27.5,81.5
27.5,82.5
27.5,83.5
27.5,84.5
27.5,85.5
27.5,86.5
27.5,87.5
27.5,89.5
27.5,90.5
27.5,91.5
27.5,92.5
27.5,93.5
27.5,94.5
27.5,95.5
27.5,96.5
27.5,97.5
27.5,98.5
27.5,99.5
27.5,88.5
26.5,76.5
26.5,77.5
26.5,78.5
26.5,79.5
26.5,80.5
26.5,81.5
26.5,82.5
26.5,83.5
26.5,84.5
26.5,85.5
26.5,86.5
26.5,87.5
26.5,88.5
26.5,89.5
26.5,90.5
26.5,91.5
26.5,92.5
26.5,93.5
26.5,94.5
26.5,95.5
26.5,96.5
26.5,97.5
26.5,98.5
26.5,99.5
27.5,75.5
28.5,75.5
29.5,75.5
30.5,75.5
31.5,75.5
32.5,75.5
33.5,75.5
34.5,75.5
35.5,75.5
36.5,75.5
37.5,75.5
38.5,75.5
39.5,75.5
40.5,75.5
26.5,75.5
25.5,75.5
25.5,76.5
25.5,77.5
25.5,78.5
25.5,79.5
25.5,80.5
25.5,81.5
25.5,82.5
25.5,83.5
25.5,84.5
25.5,85.5
25.5,86.5
25.5,88.5
25.5,89.5
25.5,90.5
25.5,91.5
25.5,92.5
25.5,93.5
25.5,94.5
25.5,95.5
25.5,96.5
25.5,97.5
25.5,98.5
25.5,99.5
25.5,87.5
