x coord,y coord
0.5,44.5
0.5,45.5
0.5,46.5
0.5,47.5
0.5,48.5
0.5,49.5
1.5,44.5
1.5,45.5
1.5,46.5
1.5,47.5
1.5,48.5
1.5,49.5
2.5,44.5
2.5,45.5
2.5,46.5
2.5,47.5
2.5,48.5
2.5,49.5
3.5,44.5
3.5,45.5
3.5,46.5
3.5,47.5
3.5,48.5
3.5,49.5
4.5,44.5
4.5,45.5
4.5,46.5
4.5,47.5
4.5,48.5
4.5,49.5
5.5,44.5
5.5,45.5
5.5,46.5
5.5,47.5
5.5,48.5
5.5,49.5
6.5,44.5
6.5,45.5
6.5,46.5
6.5,47.5
6.5,48.5
6.5,49.5
7.5,44.5
7.5,45.5
7.5,46.5
7.5,47.5
7.5,48.5
7.5,49.5
8.5,44.5
8.5,45.5
8.5,46.5
8.5,47.5
8.5,48.5
8.5,49.5
9.5,44.5
9.5,45.5
9.5,46.5
9.5,47.5
9.5,48.5
9.5,49.5
10.5,44.5
10.5,45.5
10.5,46.5
10.5,47.5
10.5,48.5
10.5,49.5
99.5,44.5
99.5,45.5
99.5,46.5
99.5,47.5
99.5,48.5
99.5,49.5
98.5,44.5
98.5,45.5
98.5,46.5
98.5,47.5
98.5,48.5
98.5,49.5
97.5,44.5
97.5,45.5
97.5,46.5
97.5,47.5
97.5,49.5
97.5,48.5
96.5,44.5
96.5,45.5
96.5,46.5
96.5,47.5
96.5,48.5
96.5,49.5
95.5,44.5
95.5,45.5
95.5,46.5
95.5,48.5
95.5,49.5
95.5,47.5
94.5,44.5
94.5,45.5
94.5,46.5
94.5,47.5
94.5,48.5
94.5,49.5
93.5,44.5
93.5,45.5
93.5,47.5
93.5,48.5
93.5,49.5
93.5,46.5
92.5,44.5
92.5,45.5
92.5,46.5
92.5,47.5
92.5,48.5
92.5,49.5
91.5,44.5
91.5,46.5
91.5,47.5
91.5,48.5
91.5,49.5
91.5,45.5
90.5,44.5
90.5,45.5
90.5,46.5
90.5,47.5
90.5,48.5
90.5,49.5
89.5,45.5
89.5,46.5
89.5,47.5
89.5,48.5
89.5,49.5
89.5,44.5
88.5,44.5
88.5,45.5
88.5,46.5
88.5,47.5
88.5,48.5
88.5,49.5
87.5,44.5
87.5,45.5
87.5,46.5
87.5,47.5
87.5,48.5
87.5,49.5
0.5,50.5
0.5,51.5
0.5,52.5
0.5,53.5
0.5,54.5
0.5,55.5
0.5,56.5
0.5,57.5
0.5,58.5
0.5,59.5
0.5,60.5
0.5,61.5
0.5,62.5
0.5,74.5
0.5,73.5
0.5,72.5
0.5,71.5
0.5,70.5
0.5,69.5
0.5,68.5
0.5,67.5
0.5,66.5
0.5,65.5
0.5,64.5
0.5,63.5
2.5,50.5
3.5,50.5
4.5,50.5
5.5,50.5
6.5,50.5
7.5,50.5
8.5,50.5
9.5,50.5
10.5,50.5
1.5,50.5
1.5,51.5
1.5,52.5
1.5,53.5
1.5,54.5
1.5,55.5
1.5,56.5
1.5,57.5
1.5,58.5
1.5,59.5
1.5,60.5
1.5,61.5
1.5,62.5
1.5,74.5
1.5,73.5
1.5,72.5
1.5,71.5
1.5,70.5
1.5,69.5
1.5,68.5
1.5,67.5
1.5,66.5
1.5,65.5
1.5,64.5
1.5,63.5
2.5,51.5
2.5,52.5
2.5,53.5
2.5,54.5
2.5,55.5
2.5,56.5
2.5,57.5
2.5,58.5
2.5,59.5
2.5,60.5
2.5,61.5
2.5,62.5
2.5,63.5
2.5,74.5
2.5,73.5
2.5,72.5
2.5,71.5
2.5,70.5
2.5,69.5
2.5,68.5
2.5,67.5
2.5,66.5
2.5,65.5
2.5,64.5
4.5,51.5
5.5,51.5
6.5,51.5
7.5,51.5
8.5,51.5
9.5,51.5
10.5,51.5
3.5,51.5
3.5,52.5
3.5,53.5
3.5,54.5
3.5,55.5
3.5,56.5
3.5,57.5
3.5,58.5
3.5,59.5
3.5,60.5
3.5,61.5
3.5,62.5
3.5,63.5
3.5,74.5
3.5,73.5
3.5,72.5
3.5,71.5
3.5,70.5
3.5,69.5
3.5,68.5
3.5,67.5
3.5,66.5
3.5,65.5
3.5,64.5
4.5,52.5
4.5,53.5
4.5,54.5
4.5,55.5
4.5,56.5
4.5,57.5
4.5,58.5
4.5,59.5
4.5,60.5
4.5,61.5
4.5,62.5
4.5,63.5
4.5,64.5
4.5,74.5
4.5,73.5
4.5,72.5
4.5,71.5
4.5,70.5
4.5,69.5
4.5,68.5
4.5,67.5
4.5,66.5
4.5,65.5
6.5,52.5
7.5,52.5
8.5,52.5
9.5,52.5
10.5,52.5
5.5,52.5
5.5,53.5
5.5,54.5
5.5,55.5
5.5,56.5
5.5,57.5
5.5,58.5
5.5,59.5
5.5,60.5
5.5,61.5
5.5,62.5
5.5,63.5
5.5,64.5
5.5,74.5
5.5,73.5
5.5,72.5
5.5,71.5
5.5,70.5
5.5,69.5
5.5,68.5
5.5,67.5
5.5,66.5
5.5,65.5
6.5,53.5
6.5,54.5
6.5,55.5
6.5,56.5
6.5,57.5
6.5,58.5
6.5,59.5
6.5,60.5
6.5,61.5
6.5,62.5
6.5,63.5
6.5,64.5
6.5,65.5
6.5,74.5
6.5,73.5
6.5,72.5
6.5,71.5
6.5,70.5
6.5,69.5
6.5,68.5
6.5,67.5
6.5,66.5
8.5,53.5
9.5,53.5
10.5,53.5
7.5,53.5
7.5,54.5
7.5,55.5
7.5,56.5
7.5,57.5
7.5,58.5
7.5,59.5
7.5,60.5
7.5,61.5
7.5,62.5
7.5,63.5
7.5,64.5
7.5,65.5
7.5,74.5
7.5,73.5
7.5,72.5
7.5,71.5
7.5,70.5
7.5,69.5
7.5,68.5
7.5,67.5
7.5,66.5
8.5,54.5
8.5,55.5
8.5,56.5
8.5,57.5
8.5,58.5
8.5,59.5
8.5,60.5
8.5,61.5
8.5,62.5
8.5,63.5
8.5,64.5
8.5,65.5
8.5,66.5
8.5,74.5
8.5,73.5
8.5,72.5
8.5,71.5
8.5,70.5
8.5,69.5
8.5,68.5
8.5,67.5
10.5,54.5
9.5,54.5
9.5,55.5
9.5,56.5
9.5,57.5
9.5,58.5
9.5,59.5
9.5,60.5
9.5,61.5
9.5,62.5
9.5,63.5
9.5,64.5
9.5,65.5
9.5,66.5
9.5,74.5
9.5,73.5
9.5,72.5
9.5,71.5
9.5,70.5
9.5,69.5
9.5,68.5
9.5,67.5
10.5,55.5
10.5,56.5
10.5,57.5
10.5,58.5
10.5,59.5
10.5,60.5
10.5,61.5
10.5,62.5
10.5,63.5
10.5,64.5
10.5,65.5
10.5,66.5
10.5,67.5
10.5,74.5
10.5,73.5
10.5,72.5
10.5,71.5
10.5,70.5
10.5,69.5
10.5,68.5
0.5,87.5
0.5,86.5
0.5,85.5
0.5,84.5
0.5,83.5
0.5,82.5
0.5,81.5
0.5,80.5
0.5,79.5
0.5,78.5
0.5,77.5
0.5,76.5
0.5,75.5
1.5,75.5
1.5,87.5
1.5,86.5
1.5,85.5
1.5,84.5
1.5,83.5
1.5,82.5
1.5,81.5
1.5,80.5
1.5,79.5
1.5,78.5
1.5,77.5
1.5,76.5
2.5,87.5
2.5,86.5
2.5,85.5
2.5,84.5
2.5,83.5
2.5,82.5
2.5,81.5
2.5,80.5
2.5,79.5
2.5,78.5
2.5,77.5
2.5,76.5
3.5,76.5
3.5,87.5
3.5,86.5
3.5,85.5
3.5,84.5
3.5,83.5
3.5,82.5
3.5,81.5
3.5,80.5
3.5,79.5
3.5,78.5
3.5,77.5
4.5,87.5
4.5,86.5
4.5,85.5
4.5,84.5
4.5,83.5
4.5,82.5
4.5,81.5
4.5,80.5
4.5,79.5
4.5,78.5
4.5,77.5
5.5,77.5
5.5,87.5
5.5,86.5
5.5,85.5
5.5,84.5
5.5,83.5
5.5,82.5
5.5,81.5
5.5,80.5
5.5,79.5
5.5,78.5
6.5,87.5
6.5,86.5
6.5,85.5
6.5,84.5
6.5,83.5
6.5,82.5
6.5,81.5
6.5,80.5
6.5,79.5
6.5,78.5
7.5,78.5
7.5,87.5
7.5,86.5
7.5,85.5
7.5,84.5
7.5,83.5
7.5,82.5
7.5,81.5
7.5,80.5
7.5,79.5
8.5,87.5
8.5,86.5
8.5,85.5
8.5,84.5
8.5,83.5
8.5,82.5
8.5,81.5
8.5,80.5
8.5,79.5
9.5,79.5
9.5,87.5
9.5,86.5
9.5,85.5
9.5,84.5
9.5,83.5
9.5,82.5
9.5,81.5
9.5,80.5
10.5,87.5
10.5,86.5
10.5,85.5
10.5,84.5
10.5,83.5
10.5,82.5
10.5,81.5
10.5,80.5
10.5,79.5
10.5,78.5
9.5,78.5
8.5,78.5
10.5,77.5
9.5,77.5
8.5,77.5
7.5,77.5
6.5,77.5
10.5,76.5
9.5,76.5
8.5,76.5
7.5,76.5
6.5,76.5
5.5,76.5
4.5,76.5
10.5,75.5
9.5,75.5
8.5,75.5
7.5,75.5
6.5,75.5
5.5,75.5
4.5,75.5
3.5,75.5
2.5,75.5
99.5,50.5
98.5,50.5
97.5,50.5
96.5,50.5
95.5,50.5
94.5,50.5
93.5,50.5
92.5,50.5
91.5,50.5
90.5,50.5
89.5,50.5
88.5,50.5
87.5,50.5
99.5,51.5
98.5,51.5
97.5,51.5
96.5,51.5
95.5,51.5
94.5,51.5
93.5,51.5
92.5,51.5
91.5,51.5
90.5,51.5
89.5,51.5
88.5,51.5
87.5,51.5
99.5,52.5
98.5,52.5
97.5,52.5
96.5,52.5
95.5,52.5
94.5,52.5
93.5,52.5
92.5,52.5
91.5,52.5
90.5,52.5
89.5,52.5
88.5,52.5
87.5,52.5
99.5,53.5
98.5,53.5
97.5,53.5
96.5,53.5
95.5,53.5
94.5,53.5
93.5,53.5
92.5,53.5
91.5,53.5
90.5,53.5
89.5,53.5
88.5,53.5
87.5,53.5
99.5,54.5
98.5,54.5
97.5,54.5
96.5,54.5
95.5,54.5
94.5,54.5
93.5,54.5
92.5,54.5
91.5,54.5
90.5,54.5
89.5,54.5
88.5,54.5
87.5,54.5
99.5,55.5
98.5,55.5
97.5,55.5
96.5,55.5
95.5,55.5
94.5,55.5
93.5,55.5
92.5,55.5
91.5,55.5
90.5,55.5
89.5,55.5
88.5,55.5
87.5,55.5
88.5,56.5
99.5,56.5
98.5,56.5
97.5,56.5
96.5,56.5
95.5,56.5
94.5,56.5
93.5,56.5
92.5,56.5
91.5,56.5
90.5,56.5
89.5,56.5
90.5,57.5
99.5,57.5
98.5,57.5
97.5,57.5
96.5,57.5
95.5,57.5
94.5,57.5
93.5,57.5
92.5,57.5
91.5,57.5
92.5,58.5
99.5,58.5
98.5,58.5
97.5,58.5
96.5,58.5
95.5,58.5
94.5,58.5
93.5,58.5
94.5,59.5
99.5,59.5
98.5,59.5
97.5,59.5
96.5,59.5
95.5,59.5
96.5,60.5
99.5,60.5
98.5,60.5
97.5,60.5
98.5,61.5
99.5,61.5
99.5,74.5
99.5,73.5
99.5,72.5
99.5,71.5
99.5,70.5
99.5,69.5
99.5,68.5
99.5,67.5
99.5,66.5
99.5,65.5
99.5,64.5
99.5,63.5
99.5,62.5
98.5,74.5
98.5,73.5
98.5,72.5
98.5,71.5
98.5,70.5
98.5,69.5
98.5,68.5
98.5,67.5
98.5,66.5
98.5,65.5
98.5,64.5
98.5,63.5
98.5,62.5
97.5,74.5
97.5,73.5
97.5,72.5
97.5,71.5
97.5,70.5
97.5,69.5
97.5,68.5
97.5,67.5
97.5,66.5
97.5,65.5
97.5,64.5
97.5,63.5
97.5,62.5
97.5,61.5
96.5,74.5
96.5,73.5
96.5,72.5
96.5,71.5
96.5,70.5
96.5,69.5
96.5,68.5
96.5,67.5
96.5,66.5
96.5,65.5
96.5,64.5
96.5,63.5
96.5,62.5
96.5,61.5
95.5,74.5
95.5,73.5
95.5,72.5
95.5,71.5
95.5,70.5
95.5,69.5
95.5,68.5
95.5,67.5
95.5,66.5
95.5,65.5
95.5,64.5
95.5,63.5
95.5,62.5
95.5,61.5
95.5,60.5
94.5,74.5
94.5,73.5
94.5,72.5
94.5,71.5
94.5,70.5
94.5,69.5
94.5,68.5
94.5,67.5
94.5,66.5
94.5,65.5
94.5,64.5
94.5,63.5
94.5,62.5
94.5,61.5
94.5,60.5
93.5,74.5
93.5,73.5
93.5,72.5
93.5,71.5
93.5,70.5
93.5,69.5
93.5,68.5
93.5,67.5
93.5,66.5
93.5,65.5
93.5,64.5
93.5,63.5
93.5,62.5
93.5,61.5
93.5,60.5
93.5,59.5
92.5,74.5
92.5,73.5
92.5,72.5
92.5,71.5
92.5,70.5
92.5,69.5
92.5,68.5
92.5,67.5
92.5,66.5
92.5,65.5
92.5,64.5
92.5,63.5
92.5,62.5
92.5,61.5
92.5,60.5
92.5,59.5
91.5,74.5
91.5,73.5
91.5,72.5
91.5,71.5
91.5,70.5
91.5,69.5
91.5,68.5
91.5,67.5
91.5,66.5
91.5,65.5
91.5,64.5
91.5,63.5
91.5,62.5
91.5,61.5
91.5,60.5
91.5,59.5
91.5,58.5
90.5,74.5
90.5,73.5
90.5,72.5
90.5,71.5
90.5,70.5
90.5,69.5
90.5,68.5
90.5,67.5
90.5,66.5
90.5,65.5
90.5,64.5
90.5,63.5
90.5,62.5
90.5,61.5
90.5,60.5
90.5,59.5
90.5,58.5
89.5,74.5
89.5,73.5
89.5,72.5
89.5,71.5
89.5,70.5
89.5,69.5
89.5,68.5
89.5,67.5
89.5,66.5
89.5,65.5
89.5,64.5
89.5,63.5
89.5,62.5
89.5,61.5
89.5,60.5
89.5,59.5
89.5,58.5
89.5,57.5
88.5,74.5
88.5,73.5
88.5,72.5
88.5,71.5
88.5,70.5
88.5,69.5
88.5,68.5
88.5,67.5
88.5,66.5
88.5,65.5
88.5,64.5
88.5,63.5
88.5,62.5
88.5,61.5
88.5,60.5
88.5,59.5
88.5,58.5
88.5,57.5
87.5,74.5
87.5,73.5
87.5,72.5
87.5,71.5
87.5,70.5
87.5,69.5
87.5,68.5
87.5,67.5
87.5,66.5
87.5,65.5
87.5,64.5
87.5,63.5
87.5,62.5
87.5,61.5
87.5,60.5
87.5,59.5
87.5,58.5
87.5,57.5
87.5,56.5
99.5,87.5
98.5,87.5
99.5,86.5
98.5,86.5
97.5,86.5
97.5,87.5
96.5,86.5
96.5,87.5
97.5,85.5
98.5,85.5
99.5,85.5
96.5,85.5
95.5,85.5
95.5,86.5
95.5,87.5
94.5,85.5
94.5,86.5
94.5,87.5
95.5,84.5
96.5,84.5
97.5,84.5
98.5,84.5
99.5,84.5
94.5,84.5
93.5,84.5
93.5,85.5
93.5,86.5
93.5,87.5
92.5,84.5
92.5,85.5
92.5,86.5
92.5,87.5
93.5,83.5
94.5,83.5
95.5,83.5
96.5,83.5
97.5,83.5
98.5,83.5
99.5,83.5
92.5,83.5
91.5,83.5
91.5,84.5
91.5,85.5
91.5,86.5
91.5,87.5
90.5,83.5
90.5,84.5
90.5,85.5
90.5,86.5
90.5,87.5
91.5,82.5
92.5,82.5
93.5,82.5
94.5,82.5
95.5,82.5
96.5,82.5
97.5,82.5
98.5,82.5
99.5,82.5
90.5,82.5
89.5,82.5
89.5,83.5
89.5,84.5
89.5,85.5
89.5,86.5
89.5,87.5
88.5,82.5
88.5,83.5
88.5,84.5
88.5,85.5
88.5,86.5
88.5,87.5
89.5,81.5
90.5,81.5
91.5,81.5
92.5,81.5
93.5,81.5
94.5,81.5
95.5,81.5
96.5,81.5
97.5,81.5
98.5,81.5
99.5,81.5
88.5,81.5
87.5,81.5
87.5,82.5
87.5,83.5
87.5,84.5
87.5,85.5
87.5,86.5
87.5,87.5
87.5,80.5
88.5,80.5
89.5,80.5
90.5,80.5
91.5,80.5
92.5,80.5
93.5,80.5
94.5,80.5
95.5,80.5
96.5,80.5
97.5,80.5
98.5,80.5
99.5,80.5
87.5,79.5
88.5,79.5
89.5,79.5
90.5,79.5
91.5,79.5
92.5,79.5
93.5,79.5
94.5,79.5
95.5,79.5
96.5,79.5
97.5,79.5
98.5,79.5
99.5,79.5
87.5,78.5
88.5,78.5
89.5,78.5
90.5,78.5
91.5,78.5
92.5,78.5
93.5,78.5
94.5,78.5
95.5,78.5
96.5,78.5
97.5,78.5
98.5,78.5
99.5,78.5
87.5,77.5
88.5,77.5
89.5,77.5
90.5,77.5
91.5,77.5
92.5,77.5
93.5,77.5
94.5,77.5
95.5,77.5
96.5,77.5
97.5,77.5
98.5,77.5
99.5,77.5
87.5,76.5
88.5,76.5
89.5,76.5
90.5,76.5
91.5,76.5
92.5,76.5
93.5,76.5
94.5,76.5
95.5,76.5
96.5,76.5
97.5,76.5
98.5,76.5
99.5,76.5
87.5,75.5
88.5,75.5
89.5,75.5
90.5,75.5
91.5,75.5
92.5,75.5
93.5,75.5
94.5,75.5
95.5,75.5
96.5,75.5
97.5,75.5
98.5,75.5
99.5,75.5
