x coord,y coord
22.5,12
22.5,13
22.5,14
22.5,15
22.5,16
22.5,17
22.5,18
22.5,19
22.5,20
22.5,21
22.5,22
22.5,23
22.5,24
23.5,12
23.5,13
23.5,14
23.5,15
23.5,16
23.5,17
23.5,18
23.5,19
23.5,20
23.5,21
23.5,22
23.5,23
23.5,24
24.5,12
24.5,13
24.5,14
24.5,15
24.5,16
24.5,17
24.5,18
24.5,19
24.5,20
24.5,21
24.5,22
24.5,23
24.5,24
45.5,24
45.5,23
45.5,22
45.5,21
45.5,20
45.5,19
45.5,18
45.5,17
45.5,16
45.5,15
45.5,14
45.5,13
45.5,12
44.5,24
44.5,23
44.5,22
44.5,21
44.5,20
44.5,19
44.5,18
44.5,17
44.5,16
44.5,15
44.5,14
44.5,13
44.5,12
43.5,24
43.5,23
43.5,22
43.5,21
43.5,20
43.5,19
43.5,18
43.5,17
43.5,16
43.5,15
43.5,14
43.5,13
43.5,12
42.5,24
42.5,23
42.5,22
42.5,21
42.5,20
42.5,19
42.5,18
42.5,17
42.5,16
42.5,15
42.5,14
42.5,13
42.5,12
41.5,24
41.5,23
41.5,22
41.5,21
41.5,20
41.5,19
41.5,18
41.5,17
41.5,16
41.5,15
41.5,14
41.5,13
41.5,12
40.5,24
40.5,23
40.5,22
40.5,21
40.5,20
40.5,19
40.5,18
40.5,17
40.5,16
40.5,15
40.5,14
40.5,13
40.5,12
39.5,24
39.5,23
39.5,22
39.5,21
39.5,20
39.5,19
39.5,18
39.5,17
39.5,16
39.5,15
39.5,14
39.5,13
39.5,12
38.5,24
38.5,23
38.5,22
38.5,21
38.5,20
38.5,19
38.5,18
38.5,17
38.5,16
38.5,15
38.5,14
38.5,13
38.5,12
37.5,24
37.5,23
37.5,22
37.5,21
37.5,20
37.5,19
37.5,18
37.5,17
37.5,16
37.5,15
37.5,14
37.5,13
37.5,12
36.5,24
36.5,23
36.5,22
36.5,21
36.5,20
36.5,19
36.5,18
36.5,17
36.5,16
36.5,15
36.5,14
36.5,13
36.5,12
35.5,24
35.5,23
35.5,22
35.5,21
35.5,20
35.5,19
35.5,18
35.5,17
35.5,16
35.5,15
35.5,14
35.5,13
35.5,12
34.5,24
34.5,23
34.5,22
34.5,21
34.5,20
34.5,19
34.5,18
34.5,17
34.5,16
34.5,15
34.5,14
34.5,13
34.5,12
33.5,24
33.5,23
33.5,22
33.5,21
33.5,20
33.5,19
33.5,18
33.5,17
33.5,16
33.5,15
33.5,14
33.5,13
33.5,12
32.5,24
32.5,23
32.5,22
32.5,21
32.5,20
32.5,19
32.5,18
32.5,17
32.5,16
32.5,15
32.5,14
32.5,13
32.5,12
31.5,24
31.5,23
31.5,22
31.5,21
31.5,20
31.5,19
31.5,18
31.5,17
31.5,16
31.5,15
31.5,14
31.5,13
31.5,12
30.5,24
30.5,23
30.5,22
30.5,21
30.5,20
30.5,19
30.5,18
30.5,17
30.5,16
30.5,15
30.5,14
30.5,13
30.5,12
29.5,24
29.5,23
29.5,22
29.5,21
29.5,20
29.5,19
29.5,18
29.5,17
29.5,16
29.5,15
29.5,14
29.5,13
29.5,12
28.5,24
28.5,23
28.5,22
28.5,21
28.5,20
28.5,19
28.5,18
28.5,17
28.5,16
28.5,15
28.5,14
28.5,13
28.5,12
27.5,24
27.5,23
27.5,22
27.5,21
27.5,20
27.5,19
27.5,18
27.5,17
27.5,16
27.5,15
27.5,14
27.5,13
27.5,12
26.5,24
26.5,23
26.5,22
26.5,21
26.5,20
26.5,19
26.5,18
26.5,17
26.5,16
26.5,15
26.5,14
26.5,13
26.5,12
25.5,24
25.5,23
25.5,22
25.5,21
25.5,20
25.5,19
25.5,18
25.5,17
25.5,16
25.5,15
25.5,14
25.5,13
25.5,12
22.5,36
22.5,49
22.5,48
22.5,47
22.5,46
22.5,45
22.5,44
22.5,43
22.5,42
22.5,41
22.5,40
22.5,39
22.5,38
22.5,37
23.5,49
23.5,48
23.5,47
23.5,46
23.5,45
23.5,44
23.5,43
23.5,42
23.5,41
23.5,40
23.5,39
23.5,38
23.5,37
24.5,37
24.5,49
24.5,48
24.5,47
24.5,46
24.5,45
24.5,44
24.5,43
24.5,42
24.5,41
24.5,40
24.5,39
24.5,38
24.5,36
23.5,36
24.5,35
23.5,35
22.5,35
24.5,34
23.5,34
22.5,34
24.5,33
23.5,33
22.5,33
24.5,32
23.5,32
22.5,32
24.5,31
23.5,31
22.5,31
24.5,30
23.5,30
22.5,30
24.5,29
23.5,29
22.5,29
24.5,28
23.5,28
22.5,28
24.5,27
23.5,27
22.5,27
24.5,26
23.5,26
22.5,26
24.5,25
23.5,25
22.5,25
45.5,36
45.5,37
45.5,38
45.5,39
45.5,40
45.5,41
45.5,42
45.5,43
45.5,44
45.5,45
45.5,46
45.5,47
45.5,48
45.5,49
45.5,35
44.5,35
44.5,36
44.5,37
44.5,38
44.5,39
44.5,40
44.5,41
44.5,42
44.5,43
44.5,44
44.5,45
44.5,46
44.5,48
44.5,49
44.5,47
43.5,35
43.5,36
43.5,37
43.5,38
43.5,39
43.5,40
43.5,41
43.5,42
43.5,43
43.5,44
43.5,45
43.5,46
43.5,47
43.5,48
43.5,49
44.5,34
45.5,34
43.5,34
42.5,34
42.5,35
42.5,36
42.5,37
42.5,38
42.5,39
42.5,40
42.5,41
42.5,42
42.5,43
42.5,44
42.5,45
42.5,47
42.5,48
42.5,49
42.5,46
41.5,34
41.5,35
41.5,36
41.5,37
41.5,38
41.5,39
41.5,40
41.5,41
41.5,42
41.5,43
41.5,44
41.5,45
41.5,46
41.5,47
41.5,48
41.5,49
42.5,33
43.5,33
44.5,33
45.5,33
41.5,33
40.5,33
40.5,34
40.5,35
40.5,36
40.5,37
40.5,38
40.5,39
40.5,40
40.5,41
40.5,42
40.5,43
40.5,44
40.5,46
40.5,47
40.5,48
40.5,49
40.5,45
39.5,33
39.5,34
39.5,35
39.5,36
39.5,37
39.5,38
39.5,39
39.5,40
39.5,41
39.5,42
39.5,43
39.5,44
39.5,45
39.5,46
39.5,47
39.5,48
39.5,49
40.5,32
41.5,32
42.5,32
43.5,32
44.5,32
45.5,32
39.5,32
38.5,32
38.5,33
38.5,34
38.5,35
38.5,36
38.5,37
38.5,38
38.5,39
38.5,40
38.5,41
38.5,42
38.5,43
38.5,45
38.5,46
38.5,47
38.5,48
38.5,49
38.5,44
37.5,32
37.5,33
37.5,34
37.5,35
37.5,36
37.5,37
37.5,38
37.5,39
37.5,40
37.5,41
37.5,42
37.5,43
37.5,44
37.5,45
37.5,46
37.5,47
37.5,48
37.5,49
38.5,31
39.5,31
40.5,31
41.5,31
42.5,31
43.5,31
44.5,31
45.5,31
37.5,31
36.5,31
36.5,32
36.5,33
36.5,34
36.5,35
36.5,36
36.5,37
36.5,38
36.5,39
36.5,40
36.5,41
36.5,42
36.5,44
36.5,45
36.5,46
36.5,47
36.5,48
36.5,49
36.5,43
35.5,31
35.5,32
35.5,33
35.5,34
35.5,35
35.5,36
35.5,37
35.5,38
35.5,39
35.5,40
35.5,41
35.5,42
35.5,43
35.5,44
35.5,45
35.5,46
35.5,47
35.5,48
35.5,49
36.5,30
37.5,30
38.5,30
39.5,30
40.5,30
41.5,30
42.5,30
43.5,30
44.5,30
45.5,30
35.5,30
34.5,30
34.5,31
34.5,32
34.5,33
34.5,34
34.5,35
34.5,36
34.5,37
34.5,38
34.5,39
34.5,40
34.5,41
34.5,43
34.5,44
34.5,45
34.5,46
34.5,47
34.5,48
34.5,49
34.5,42
33.5,30
33.5,31
33.5,32
33.5,33
33.5,34
33.5,35
33.5,36
33.5,37
33.5,38
33.5,39
33.5,40
33.5,41
33.5,42
33.5,43
33.5,44
33.5,45
33.5,46
33.5,47
33.5,48
33.5,49
34.5,29
35.5,29
36.5,29
37.5,29
38.5,29
39.5,29
40.5,29
41.5,29
42.5,29
43.5,29
44.5,29
45.5,29
33.5,29
32.5,29
32.5,30
32.5,31
32.5,32
32.5,33
32.5,34
32.5,35
32.5,36
32.5,37
32.5,38
32.5,39
32.5,40
32.5,42
32.5,43
32.5,44
32.5,45
32.5,46
32.5,47
32.5,48
32.5,49
32.5,41
31.5,29
31.5,30
31.5,31
31.5,32
31.5,33
31.5,34
31.5,35
31.5,36
31.5,37
31.5,38
31.5,39
31.5,40
31.5,41
31.5,42
31.5,43
31.5,44
31.5,45
31.5,46
31.5,47
31.5,48
31.5,49
32.5,28
33.5,28
34.5,28
35.5,28
36.5,28
37.5,28
38.5,28
39.5,28
40.5,28
41.5,28
42.5,28
43.5,28
44.5,28
45.5,28
31.5,28
30.5,28
30.5,29
30.5,30
30.5,31
30.5,32
30.5,33
30.5,34
30.5,35
30.5,36
30.5,37
30.5,38
30.5,39
30.5,41
30.5,42
30.5,43
30.5,44
30.5,45
30.5,46
30.5,47
30.5,48
30.5,49
30.5,40
29.5,28
29.5,29
29.5,30
29.5,31
29.5,32
29.5,33
29.5,34
29.5,35
29.5,36
29.5,37
29.5,38
29.5,39
29.5,40
29.5,41
29.5,42
29.5,43
29.5,44
29.5,45
29.5,46
29.5,47
29.5,48
29.5,49
30.5,27
31.5,27
32.5,27
33.5,27
34.5,27
35.5,27
36.5,27
37.5,27
38.5,27
39.5,27
40.5,27
41.5,27
42.5,27
43.5,27
44.5,27
45.5,27
29.5,27
28.5,27
28.5,28
28.5,29
28.5,30
28.5,31
28.5,32
28.5,33
28.5,34
28.5,35
28.5,36
28.5,37
28.5,38
28.5,40
28.5,41
28.5,42
28.5,43
28.5,44
28.5,45
28.5,46
28.5,47
28.5,48
28.5,49
28.5,39
27.5,27
27.5,28
27.5,29
27.5,30
27.5,31
27.5,32
27.5,33
27.5,34
27.5,35
27.5,36
27.5,37
27.5,38
27.5,39
27.5,40
27.5,41
27.5,42
27.5,43
27.5,44
27.5,45
27.5,46
27.5,47
27.5,48
27.5,49
28.5,26
29.5,26
30.5,26
31.5,26
32.5,26
33.5,26
34.5,26
35.5,26
36.5,26
37.5,26
38.5,26
39.5,26
40.5,26
41.5,26
42.5,26
43.5,26
44.5,26
45.5,26
27.5,26
26.5,26
26.5,27
26.5,28
26.5,29
26.5,30
26.5,31
26.5,32
26.5,33
26.5,34
26.5,35
26.5,36
26.5,37
26.5,39
26.5,40
26.5,41
26.5,42
26.5,43
26.5,44
26.5,45
26.5,46
26.5,47
26.5,48
26.5,49
26.5,38
25.5,26
25.5,27
25.5,28
25.5,29
25.5,30
25.5,31
25.5,32
25.5,33
25.5,34
25.5,35
25.5,36
25.5,37
25.5,38
25.5,39
25.5,40
25.5,41
25.5,42
25.5,43
25.5,44
25.5,45
25.5,46
25.5,47
25.5,48
25.5,49
26.5,25
27.5,25
28.5,25
29.5,25
30.5,25
31.5,25
32.5,25
33.5,25
34.5,25
35.5,25
36.5,25
37.5,25
38.5,25
39.5,25
40.5,25
41.5,25
42.5,25
43.5,25
44.5,25
45.5,25
25.5,25
22.5,50
23.5,50
24.5,50
22.5,51
23.5,51
24.5,51
22.5,52
23.5,52
24.5,52
22.5,53
23.5,53
24.5,53
22.5,54
23.5,54
24.5,54
22.5,55
23.5,55
24.5,55
25.5,50
45.5,50
44.5,50
43.5,50
42.5,50
41.5,50
40.5,50
39.5,50
38.5,50
37.5,50
36.5,50
35.5,50
34.5,50
33.5,50
32.5,50
31.5,50
30.5,50
29.5,50
28.5,50
27.5,50
26.5,50
27.5,51
45.5,51
44.5,51
43.5,51
42.5,51
41.5,51
40.5,51
39.5,51
38.5,51
37.5,51
36.5,51
35.5,51
34.5,51
33.5,51
32.5,51
31.5,51
30.5,51
29.5,51
28.5,51
29.5,52
45.5,52
44.5,52
43.5,52
42.5,52
41.5,52
40.5,52
39.5,52
38.5,52
37.5,52
36.5,52
35.5,52
34.5,52
33.5,52
32.5,52
31.5,52
30.5,52
31.5,53
45.5,53
44.5,53
43.5,53
42.5,53
41.5,53
40.5,53
39.5,53
38.5,53
37.5,53
36.5,53
35.5,53
34.5,53
33.5,53
32.5,53
33.5,54
45.5,54
44.5,54
43.5,54
42.5,54
41.5,54
40.5,54
39.5,54
38.5,54
37.5,54
36.5,54
35.5,54
34.5,54
35.5,55
45.5,55
44.5,55
43.5,55
42.5,55
41.5,55
40.5,55
39.5,55
38.5,55
37.5,55
36.5,55
34.5,55
33.5,55
32.5,55
32.5,54
31.5,55
31.5,54
30.5,55
30.5,54
30.5,53
29.5,55
29.5,54
29.5,53
28.5,55
28.5,54
28.5,53
28.5,52
27.5,55
27.5,54
27.5,53
27.5,52
26.5,55
26.5,54
26.5,53
26.5,52
26.5,51
25.5,55
25.5,54
25.5,53
25.5,52
25.5,51
