x coord,y coord
0.5,39.5
0.5,40.5
0.5,41.5
0.5,42.5
0.5,43.5
0.5,44.5
0.5,45.5
0.5,46.5
0.5,47.5
0.5,48.5
0.5,49.5
99.5,39.5
99.5,40.5
99.5,41.5
99.5,42.5
99.5,43.5
99.5,44.5
99.5,45.5
99.5,46.5
99.5,47.5
99.5,48.5
99.5,49.5
98.5,39.5
98.5,40.5
98.5,41.5
98.5,42.5
98.5,43.5
98.5,44.5
98.5,45.5
98.5,46.5
98.5,47.5
98.5,48.5
98.5,49.5
97.5,39.5
97.5,40.5
97.5,41.5
97.5,42.5
97.5,43.5
97.5,44.5
97.5,45.5
97.5,46.5
97.5,47.5
97.5,49.5
97.5,48.5
96.5,39.5
96.5,40.5
96.5,41.5
96.5,42.5
96.5,43.5
96.5,44.5
96.5,45.5
96.5,46.5
96.5,47.5
96.5,48.5
96.5,49.5
95.5,39.5
95.5,40.5
95.5,41.5
95.5,42.5
95.5,43.5
95.5,44.5
95.5,45.5
95.5,46.5
95.5,48.5
95.5,49.5
95.5,47.5
94.5,39.5
94.5,40.5
94.5,41.5
94.5,42.5
94.5,43.5
94.5,44.5
94.5,45.5
94.5,46.5
94.5,47.5
94.5,48.5
94.5,49.5
93.5,39.5
93.5,40.5
93.5,41.5
93.5,42.5
93.5,43.5
93.5,44.5
93.5,45.5
93.5,47.5
93.5,48.5
93.5,49.5
93.5,46.5
92.5,39.5
92.5,40.5
92.5,41.5
92.5,42.5
92.5,43.5
92.5,44.5
92.5,45.5
92.5,46.5
92.5,47.5
92.5,48.5
92.5,49.5
91.5,39.5
91.5,40.5
91.5,41.5
91.5,42.5
91.5,43.5
91.5,44.5
91.5,46.5
91.5,47.5
91.5,48.5
91.5,49.5
91.5,45.5
90.5,39.5
90.5,40.5
90.5,41.5
90.5,42.5
90.5,43.5
90.5,44.5
90.5,45.5
90.5,46.5
90.5,47.5
90.5,48.5
90.5,49.5
89.5,39.5
89.5,40.5
89.5,41.5
89.5,42.5
89.5,43.5
89.5,45.5
89.5,46.5
89.5,47.5
89.5,48.5
89.5,49.5
89.5,44.5
88.5,39.5
88.5,40.5
88.5,41.5
88.5,42.5
88.5,43.5
88.5,44.5
88.5,45.5
88.5,46.5
88.5,47.5
88.5,48.5
88.5,49.5
87.5,39.5
87.5,40.5
87.5,41.5
87.5,42.5
87.5,44.5
87.5,45.5
87.5,46.5
87.5,47.5
87.5,48.5
87.5,49.5
87.5,43.5
86.5,39.5
86.5,40.5
86.5,41.5
86.5,42.5
86.5,43.5
86.5,44.5
86.5,45.5
86.5,46.5
86.5,47.5
86.5,48.5
86.5,49.5
85.5,39.5
85.5,40.5
85.5,41.5
85.5,43.5
85.5,44.5
85.5,45.5
85.5,46.5
85.5,47.5
85.5,48.5
85.5,49.5
85.5,42.5
84.5,39.5
84.5,40.5
84.5,41.5
84.5,42.5
84.5,43.5
84.5,44.5
84.5,45.5
84.5,46.5
84.5,47.5
84.5,48.5
84.5,49.5
83.5,39.5
83.5,40.5
83.5,42.5
83.5,43.5
83.5,44.5
83.5,45.5
83.5,46.5
83.5,47.5
83.5,48.5
83.5,49.5
83.5,41.5
82.5,39.5
82.5,40.5
82.5,41.5
82.5,42.5
82.5,43.5
82.5,44.5
82.5,45.5
82.5,46.5
82.5,47.5
82.5,48.5
82.5,49.5
81.5,39.5
81.5,41.5
81.5,42.5
81.5,43.5
81.5,44.5
81.5,45.5
81.5,46.5
81.5,47.5
81.5,48.5
81.5,49.5
81.5,40.5
80.5,39.5
80.5,40.5
80.5,41.5
80.5,42.5
80.5,43.5
80.5,44.5
80.5,45.5
80.5,46.5
80.5,47.5
80.5,48.5
80.5,49.5
79.5,40.5
79.5,41.5
79.5,42.5
79.5,43.5
79.5,44.5
79.5,45.5
79.5,46.5
79.5,47.5
79.5,48.5
79.5,49.5
79.5,39.5
78.5,39.5
78.5,40.5
78.5,41.5
78.5,42.5
78.5,43.5
78.5,44.5
78.5,45.5
78.5,46.5
78.5,47.5
78.5,48.5
78.5,49.5
77.5,39.5
77.5,40.5
77.5,41.5
77.5,42.5
77.5,43.5
77.5,44.5
77.5,45.5
77.5,46.5
77.5,47.5
77.5,48.5
77.5,49.5
0.5,50.5
0.5,51.5
0.5,52.5
0.5,53.5
0.5,54.5
0.5,55.5
0.5,56.5
0.5,57.5
0.5,58.5
0.5,59.5
0.5,60.5
0.5,61.5
0.5,62.5
0.5,74.5
0.5,73.5
0.5,72.5
0.5,71.5
0.5,70.5
0.5,69.5
0.5,68.5
0.5,67.5
0.5,66.5
0.5,65.5
0.5,64.5
0.5,63.5
0.5,82.5
0.5,81.5
0.5,80.5
0.5,79.5
0.5,78.5
0.5,77.5
0.5,76.5
0.5,75.5
99.5,50.5
98.5,50.5
97.5,50.5
96.5,50.5
95.5,50.5
94.5,50.5
93.5,50.5
92.5,50.5
91.5,50.5
90.5,50.5
89.5,50.5
88.5,50.5
87.5,50.5
86.5,50.5
85.5,50.5
84.5,50.5
83.5,50.5
82.5,50.5
81.5,50.5
80.5,50.5
79.5,50.5
78.5,50.5
77.5,50.5
78.5,51.5
99.5,51.5
98.5,51.5
97.5,51.5
96.5,51.5
95.5,51.5
94.5,51.5
93.5,51.5
92.5,51.5
91.5,51.5
90.5,51.5
89.5,51.5
88.5,51.5
87.5,51.5
86.5,51.5
85.5,51.5
84.5,51.5
83.5,51.5
82.5,51.5
81.5,51.5
80.5,51.5
79.5,51.5
80.5,52.5
99.5,52.5
98.5,52.5
97.5,52.5
96.5,52.5
95.5,52.5
94.5,52.5
93.5,52.5
92.5,52.5
91.5,52.5
90.5,52.5
89.5,52.5
88.5,52.5
87.5,52.5
86.5,52.5
85.5,52.5
84.5,52.5
83.5,52.5
82.5,52.5
81.5,52.5
82.5,53.5
99.5,53.5
98.5,53.5
97.5,53.5
96.5,53.5
95.5,53.5
94.5,53.5
93.5,53.5
92.5,53.5
91.5,53.5
90.5,53.5
89.5,53.5
88.5,53.5
87.5,53.5
86.5,53.5
85.5,53.5
84.5,53.5
83.5,53.5
84.5,54.5
99.5,54.5
98.5,54.5
97.5,54.5
96.5,54.5
95.5,54.5
94.5,54.5
93.5,54.5
92.5,54.5
91.5,54.5
90.5,54.5
89.5,54.5
88.5,54.5
87.5,54.5
86.5,54.5
85.5,54.5
86.5,55.5
99.5,55.5
98.5,55.5
97.5,55.5
96.5,55.5
95.5,55.5
94.5,55.5
93.5,55.5
92.5,55.5
91.5,55.5
90.5,55.5
89.5,55.5
88.5,55.5
87.5,55.5
88.5,56.5
99.5,56.5
98.5,56.5
97.5,56.5
96.5,56.5
95.5,56.5
94.5,56.5
93.5,56.5
92.5,56.5
91.5,56.5
90.5,56.5
89.5,56.5
90.5,57.5
99.5,57.5
98.5,57.5
97.5,57.5
96.5,57.5
95.5,57.5
94.5,57.5
93.5,57.5
92.5,57.5
91.5,57.5
92.5,58.5
99.5,58.5
98.5,58.5
97.5,58.5
96.5,58.5
95.5,58.5
94.5,58.5
93.5,58.5
94.5,59.5
99.5,59.5
98.5,59.5
97.5,59.5
96.5,59.5
95.5,59.5
96.5,60.5
99.5,60.5
98.5,60.5
97.5,60.5
98.5,61.5
99.5,61.5
99.5,74.5
99.5,73.5
99.5,72.5
99.5,71.5
99.5,70.5
99.5,69.5
99.5,68.5
99.5,67.5
99.5,66.5
99.5,65.5
99.5,64.5
99.5,63.5
99.5,62.5
98.5,74.5
98.5,73.5
98.5,72.5
98.5,71.5
98.5,70.5
98.5,69.5
98.5,68.5
98.5,67.5
98.5,66.5
98.5,65.5
98.5,64.5
98.5,63.5
98.5,62.5
97.5,74.5
97.5,73.5
97.5,72.5
97.5,71.5
97.5,70.5
97.5,69.5
97.5,68.5
97.5,67.5
97.5,66.5
97.5,65.5
97.5,64.5
97.5,63.5
97.5,62.5
97.5,61.5
96.5,74.5
96.5,73.5
96.5,72.5
96.5,71.5
96.5,70.5
96.5,69.5
96.5,68.5
96.5,67.5
96.5,66.5
96.5,65.5
96.5,64.5
96.5,63.5
96.5,62.5
96.5,61.5
95.5,74.5
95.5,73.5
95.5,72.5
95.5,71.5
95.5,70.5
95.5,69.5
95.5,68.5
95.5,67.5
95.5,66.5
95.5,65.5
95.5,64.5
95.5,63.5
95.5,62.5
95.5,61.5
95.5,60.5
94.5,74.5
94.5,73.5
94.5,72.5
94.5,71.5
94.5,70.5
94.5,69.5
94.5,68.5
94.5,67.5
94.5,66.5
94.5,65.5
94.5,64.5
94.5,63.5
94.5,62.5
94.5,61.5
94.5,60.5
93.5,74.5
93.5,73.5
93.5,72.5
93.5,71.5
93.5,70.5
93.5,69.5
93.5,68.5
93.5,67.5
93.5,66.5
93.5,65.5
93.5,64.5
93.5,63.5
93.5,62.5
93.5,61.5
93.5,60.5
93.5,59.5
92.5,74.5
92.5,73.5
92.5,72.5
92.5,71.5
92.5,70.5
92.5,69.5
92.5,68.5
92.5,67.5
92.5,66.5
92.5,65.5
92.5,64.5
92.5,63.5
92.5,62.5
92.5,61.5
92.5,60.5
92.5,59.5
91.5,74.5
91.5,73.5
91.5,72.5
91.5,71.5
91.5,70.5
91.5,69.5
91.5,68.5
91.5,67.5
91.5,66.5
91.5,65.5
91.5,64.5
91.5,63.5
91.5,62.5
91.5,61.5
91.5,60.5
91.5,59.5
91.5,58.5
90.5,74.5
90.5,73.5
90.5,72.5
90.5,71.5
90.5,70.5
90.5,69.5
90.5,68.5
90.5,67.5
90.5,66.5
90.5,65.5
90.5,64.5
90.5,63.5
90.5,62.5
90.5,61.5
90.5,60.5
90.5,59.5
90.5,58.5
89.5,74.5
89.5,73.5
89.5,72.5
89.5,71.5
89.5,70.5
89.5,69.5
89.5,68.5
89.5,67.5
89.5,66.5
89.5,65.5
89.5,64.5
89.5,63.5
89.5,62.5
89.5,61.5
89.5,60.5
89.5,59.5
89.5,58.5
89.5,57.5
88.5,74.5
88.5,73.5
88.5,72.5
88.5,71.5
88.5,70.5
88.5,69.5
88.5,68.5
88.5,67.5
88.5,66.5
88.5,65.5
88.5,64.5
88.5,63.5
88.5,62.5
88.5,61.5
88.5,60.5
88.5,59.5
88.5,58.5
88.5,57.5
87.5,74.5
87.5,73.5
87.5,72.5
87.5,71.5
87.5,70.5
87.5,69.5
87.5,68.5
87.5,67.5
87.5,66.5
87.5,65.5
87.5,64.5
87.5,63.5
87.5,62.5
87.5,61.5
87.5,60.5
87.5,59.5
87.5,58.5
87.5,57.5
87.5,56.5
86.5,74.5
86.5,73.5
86.5,72.5
86.5,71.5
86.5,70.5
86.5,69.5
86.5,68.5
86.5,67.5
86.5,66.5
86.5,65.5
86.5,64.5
86.5,63.5
86.5,62.5
86.5,61.5
86.5,60.5
86.5,59.5
86.5,58.5
86.5,57.5
86.5,56.5
85.5,74.5
85.5,73.5
85.5,72.5
85.5,71.5
85.5,70.5
85.5,69.5
85.5,68.5
85.5,67.5
85.5,66.5
85.5,65.5
85.5,64.5
85.5,63.5
85.5,62.5
85.5,61.5
85.5,60.5
85.5,59.5
85.5,58.5
85.5,57.5
85.5,56.5
85.5,55.5
84.5,74.5
84.5,73.5
84.5,72.5
84.5,71.5
84.5,70.5
84.5,69.5
84.5,68.5
84.5,67.5
84.5,66.5
84.5,65.5
84.5,64.5
84.5,63.5
84.5,62.5
84.5,61.5
84.5,60.5
84.5,59.5
84.5,58.5
84.5,57.5
84.5,56.5
84.5,55.5
83.5,74.5
83.5,73.5
83.5,72.5
83.5,71.5
83.5,70.5
83.5,69.5
83.5,68.5
83.5,67.5
83.5,66.5
83.5,65.5
83.5,64.5
83.5,63.5
83.5,62.5
83.5,61.5
83.5,60.5
83.5,59.5
83.5,58.5
83.5,57.5
83.5,56.5
83.5,55.5
83.5,54.5
82.5,74.5
82.5,73.5
82.5,72.5
82.5,71.5
82.5,70.5
82.5,69.5
82.5,68.5
82.5,67.5
82.5,66.5
82.5,65.5
82.5,64.5
82.5,63.5
82.5,62.5
82.5,61.5
82.5,60.5
82.5,59.5
82.5,58.5
82.5,57.5
82.5,56.5
82.5,55.5
82.5,54.5
81.5,74.5
81.5,73.5
81.5,72.5
81.5,71.5
81.5,70.5
81.5,69.5
81.5,68.5
81.5,67.5
81.5,66.5
81.5,65.5
81.5,64.5
81.5,63.5
81.5,62.5
81.5,61.5
81.5,60.5
81.5,59.5
81.5,58.5
81.5,57.5
81.5,56.5
81.5,55.5
81.5,54.5
81.5,53.5
80.5,74.5
80.5,73.5
80.5,72.5
80.5,71.5
80.5,70.5
80.5,69.5
80.5,68.5
80.5,67.5
80.5,66.5
80.5,65.5
80.5,64.5
80.5,63.5
80.5,62.5
80.5,61.5
80.5,60.5
80.5,59.5
80.5,58.5
80.5,57.5
80.5,56.5
80.5,55.5
80.5,54.5
80.5,53.5
79.5,74.5
79.5,73.5
79.5,72.5
79.5,71.5
79.5,70.5
79.5,69.5
79.5,68.5
79.5,67.5
79.5,66.5
79.5,65.5
79.5,64.5
79.5,63.5
79.5,62.5
79.5,61.5
79.5,60.5
79.5,59.5
79.5,58.5
79.5,57.5
79.5,56.5
79.5,55.5
79.5,54.5
79.5,53.5
79.5,52.5
78.5,74.5
78.5,73.5
78.5,72.5
78.5,71.5
78.5,70.5
78.5,69.5
78.5,68.5
78.5,67.5
78.5,66.5
78.5,65.5
78.5,64.5
78.5,63.5
78.5,62.5
78.5,61.5
78.5,60.5
78.5,59.5
78.5,58.5
78.5,57.5
78.5,56.5
78.5,55.5
78.5,54.5
78.5,53.5
78.5,52.5
77.5,74.5
77.5,73.5
77.5,72.5
77.5,71.5
77.5,70.5
77.5,69.5
77.5,68.5
77.5,67.5
77.5,66.5
77.5,65.5
77.5,64.5
77.5,63.5
77.5,62.5
77.5,61.5
77.5,60.5
77.5,59.5
77.5,58.5
77.5,57.5
77.5,56.5
77.5,55.5
77.5,54.5
77.5,53.5
77.5,52.5
77.5,51.5
91.5,82.5
92.5,82.5
93.5,82.5
94.5,82.5
95.5,82.5
96.5,82.5
97.5,82.5
98.5,82.5
99.5,82.5
90.5,82.5
89.5,82.5
88.5,82.5
89.5,81.5
90.5,81.5
91.5,81.5
92.5,81.5
93.5,81.5
94.5,81.5
95.5,81.5
96.5,81.5
97.5,81.5
98.5,81.5
99.5,81.5
88.5,81.5
87.5,81.5
87.5,82.5
86.5,81.5
86.5,82.5
87.5,80.5
88.5,80.5
89.5,80.5
90.5,80.5
91.5,80.5
92.5,80.5
93.5,80.5
94.5,80.5
95.5,80.5
96.5,80.5
97.5,80.5
98.5,80.5
99.5,80.5
86.5,80.5
85.5,80.5
85.5,81.5
85.5,82.5
84.5,80.5
84.5,81.5
84.5,82.5
85.5,79.5
86.5,79.5
87.5,79.5
88.5,79.5
89.5,79.5
90.5,79.5
91.5,79.5
92.5,79.5
93.5,79.5
94.5,79.5
95.5,79.5
96.5,79.5
97.5,79.5
98.5,79.5
99.5,79.5
84.5,79.5
83.5,79.5
83.5,80.5
83.5,81.5
83.5,82.5
82.5,79.5
82.5,80.5
82.5,81.5
82.5,82.5
83.5,78.5
84.5,78.5
85.5,78.5
86.5,78.5
87.5,78.5
88.5,78.5
89.5,78.5
90.5,78.5
91.5,78.5
92.5,78.5
93.5,78.5
94.5,78.5
95.5,78.5
96.5,78.5
97.5,78.5
98.5,78.5
99.5,78.5
82.5,78.5
81.5,78.5
81.5,79.5
81.5,80.5
81.5,81.5
81.5,82.5
80.5,78.5
80.5,79.5
80.5,80.5
80.5,81.5
80.5,82.5
81.5,77.5
82.5,77.5
83.5,77.5
84.5,77.5
85.5,77.5
86.5,77.5
87.5,77.5
88.5,77.5
89.5,77.5
90.5,77.5
91.5,77.5
92.5,77.5
93.5,77.5
94.5,77.5
95.5,77.5
96.5,77.5
97.5,77.5
98.5,77.5
99.5,77.5
80.5,77.5
79.5,77.5
79.5,78.5
79.5,79.5
79.5,80.5
79.5,81.5
79.5,82.5
78.5,77.5
78.5,78.5
78.5,79.5
78.5,80.5
78.5,81.5
78.5,82.5
79.5,76.5
80.5,76.5
81.5,76.5
82.5,76.5
83.5,76.5
84.5,76.5
85.5,76.5
86.5,76.5
87.5,76.5
88.5,76.5
89.5,76.5
90.5,76.5
91.5,76.5
92.5,76.5
93.5,76.5
94.5,76.5
95.5,76.5
96.5,76.5
97.5,76.5
98.5,76.5
99.5,76.5
78.5,76.5
77.5,76.5
77.5,77.5
77.5,78.5
77.5,79.5
77.5,80.5
77.5,81.5
77.5,82.5
77.5,75.5
78.5,75.5
79.5,75.5
80.5,75.5
81.5,75.5
82.5,75.5
83.5,75.5
84.5,75.5
85.5,75.5
86.5,75.5
87.5,75.5
88.5,75.5
89.5,75.5
90.5,75.5
91.5,75.5
92.5,75.5
93.5,75.5
94.5,75.5
95.5,75.5
96.5,75.5
97.5,75.5
98.5,75.5
99.5,75.5
