x coord,y coord
0.5,49.5
1.5,49.5
2.5,49.5
3.5,49.5
4.5,49.5
5.5,49.5
6.5,49.5
7.5,49.5
8.5,49.5
9.5,49.5
10.5,49.5
11.5,49.5
12.5,49.5
13.5,49.5
14.5,49.5
15.5,49.5
16.5,49.5
17.5,49.5
18.5,49.5
19.5,49.5
20.5,49.5
99.5,49.5
98.5,49.5
97.5,49.5
0.5,50.5
0.5,51.5
0.5,52.5
0.5,53.5
0.5,54.5
0.5,55.5
0.5,56.5
0.5,57.5
0.5,58.5
0.5,59.5
0.5,60.5
0.5,61.5
0.5,62.5
0.5,74.5
0.5,73.5
0.5,72.5
0.5,71.5
0.5,70.5
0.5,69.5
0.5,68.5
0.5,67.5
0.5,66.5
0.5,65.5
0.5,64.5
0.5,63.5
2.5,50.5
3.5,50.5
4.5,50.5
5.5,50.5
6.5,50.5
7.5,50.5
8.5,50.5
9.5,50.5
10.5,50.5
11.5,50.5
12.5,50.5
13.5,50.5
14.5,50.5
15.5,50.5
16.5,50.5
17.5,50.5
18.5,50.5
19.5,50.5
20.5,50.5
1.5,50.5
1.5,51.5
1.5,52.5
1.5,53.5
1.5,54.5
1.5,55.5
1.5,56.5
1.5,57.5
1.5,58.5
1.5,59.5
1.5,60.5
1.5,61.5
1.5,62.5
1.5,74.5
1.5,73.5
1.5,72.5
1.5,71.5
1.5,70.5
1.5,69.5
1.5,68.5
1.5,67.5
1.5,66.5
1.5,65.5
1.5,64.5
1.5,63.5
2.5,51.5
2.5,52.5
2.5,53.5
2.5,54.5
2.5,55.5
2.5,56.5
2.5,57.5
2.5,58.5
2.5,59.5
2.5,60.5
2.5,61.5
2.5,62.5
2.5,63.5
2.5,74.5
2.5,73.5
2.5,72.5
2.5,71.5
2.5,70.5
2.5,69.5
2.5,68.5
2.5,67.5
2.5,66.5
2.5,65.5
2.5,64.5
4.5,51.5
5.5,51.5
6.5,51.5
7.5,51.5
8.5,51.5
9.5,51.5
10.5,51.5
11.5,51.5
12.5,51.5
13.5,51.5
14.5,51.5
15.5,51.5
16.5,51.5
17.5,51.5
18.5,51.5
19.5,51.5
20.5,51.5
3.5,51.5
3.5,52.5
3.5,53.5
3.5,54.5
3.5,55.5
3.5,56.5
3.5,57.5
3.5,58.5
3.5,59.5
3.5,60.5
3.5,61.5
3.5,62.5
3.5,63.5
3.5,74.5
3.5,73.5
3.5,72.5
3.5,71.5
3.5,70.5
3.5,69.5
3.5,68.5
3.5,67.5
3.5,66.5
3.5,65.5
3.5,64.5
4.5,52.5
4.5,53.5
4.5,54.5
4.5,55.5
4.5,56.5
4.5,57.5
4.5,58.5
4.5,59.5
4.5,60.5
4.5,61.5
4.5,62.5
4.5,63.5
4.5,64.5
4.5,74.5
4.5,73.5
4.5,72.5
4.5,71.5
4.5,70.5
4.5,69.5
4.5,68.5
4.5,67.5
4.5,66.5
4.5,65.5
6.5,52.5
7.5,52.5
8.5,52.5
9.5,52.5
10.5,52.5
11.5,52.5
12.5,52.5
13.5,52.5
14.5,52.5
15.5,52.5
16.5,52.5
17.5,52.5
18.5,52.5
19.5,52.5
20.5,52.5
5.5,52.5
5.5,53.5
5.5,54.5
5.5,55.5
5.5,56.5
5.5,57.5
5.5,58.5
5.5,59.5
5.5,60.5
5.5,61.5
5.5,62.5
5.5,63.5
5.5,64.5
5.5,74.5
5.5,73.5
5.5,72.5
5.5,71.5
5.5,70.5
5.5,69.5
5.5,68.5
5.5,67.5
5.5,66.5
5.5,65.5
6.5,53.5
6.5,54.5
6.5,55.5
6.5,56.5
6.5,57.5
6.5,58.5
6.5,59.5
6.5,60.5
6.5,61.5
6.5,62.5
6.5,63.5
6.5,64.5
6.5,65.5
6.5,74.5
6.5,73.5
6.5,72.5
6.5,71.5
6.5,70.5
6.5,69.5
6.5,68.5
6.5,67.5
6.5,66.5
8.5,53.5
9.5,53.5
10.5,53.5
11.5,53.5
12.5,53.5
13.5,53.5
14.5,53.5
15.5,53.5
16.5,53.5
17.5,53.5
18.5,53.5
19.5,53.5
20.5,53.5
7.5,53.5
7.5,54.5
7.5,55.5
7.5,56.5
7.5,57.5
7.5,58.5
7.5,59.5
7.5,60.5
7.5,61.5
7.5,62.5
7.5,63.5
7.5,64.5
7.5,65.5
7.5,74.5
7.5,73.5
7.5,72.5
7.5,71.5
7.5,70.5
7.5,69.5
7.5,68.5
7.5,67.5
7.5,66.5
8.5,54.5
8.5,55.5
8.5,56.5
8.5,57.5
8.5,58.5
8.5,59.5
8.5,60.5
8.5,61.5
8.5,62.5
8.5,63.5
8.5,64.5
8.5,65.5
8.5,66.5
8.5,74.5
8.5,73.5
8.5,72.5
8.5,71.5
8.5,70.5
8.5,69.5
8.5,68.5
8.5,67.5
10.5,54.5
11.5,54.5
12.5,54.5
13.5,54.5
14.5,54.5
15.5,54.5
16.5,54.5
17.5,54.5
18.5,54.5
19.5,54.5
20.5,54.5
9.5,54.5
9.5,55.5
9.5,56.5
9.5,57.5
9.5,58.5
9.5,59.5
9.5,60.5
9.5,61.5
9.5,62.5
9.5,63.5
9.5,64.5
9.5,65.5
9.5,66.5
9.5,74.5
9.5,73.5
9.5,72.5
9.5,71.5
9.5,70.5
9.5,69.5
9.5,68.5
9.5,67.5
10.5,55.5
10.5,56.5
10.5,57.5
10.5,58.5
10.5,59.5
10.5,60.5
10.5,61.5
10.5,62.5
10.5,63.5
10.5,64.5
10.5,65.5
10.5,66.5
10.5,67.5
10.5,74.5
10.5,73.5
10.5,72.5
10.5,71.5
10.5,70.5
10.5,69.5
10.5,68.5
12.5,55.5
13.5,55.5
14.5,55.5
15.5,55.5
16.5,55.5
17.5,55.5
18.5,55.5
19.5,55.5
20.5,55.5
11.5,55.5
11.5,56.5
11.5,57.5
11.5,58.5
11.5,59.5
11.5,60.5
11.5,61.5
11.5,62.5
11.5,63.5
11.5,64.5
11.5,65.5
11.5,66.5
11.5,67.5
11.5,74.5
11.5,73.5
11.5,72.5
11.5,71.5
11.5,70.5
11.5,69.5
11.5,68.5
12.5,56.5
12.5,57.5
12.5,58.5
12.5,59.5
12.5,60.5
12.5,61.5
12.5,62.5
12.5,63.5
12.5,64.5
12.5,65.5
12.5,66.5
12.5,67.5
12.5,68.5
12.5,74.5
12.5,73.5
12.5,72.5
12.5,71.5
12.5,70.5
12.5,69.5
14.5,56.5
15.5,56.5
16.5,56.5
17.5,56.5
18.5,56.5
19.5,56.5
20.5,56.5
13.5,56.5
13.5,57.5
13.5,58.5
13.5,59.5
13.5,60.5
13.5,61.5
13.5,62.5
13.5,63.5
13.5,64.5
13.5,65.5
13.5,66.5
13.5,67.5
13.5,68.5
13.5,74.5
13.5,73.5
13.5,72.5
13.5,71.5
13.5,70.5
13.5,69.5
14.5,57.5
14.5,58.5
14.5,59.5
14.5,60.5
14.5,61.5
14.5,62.5
14.5,63.5
14.5,64.5
14.5,65.5
14.5,66.5
14.5,67.5
14.5,68.5
14.5,69.5
14.5,74.5
14.5,73.5
14.5,72.5
14.5,71.5
14.5,70.5
16.5,57.5
17.5,57.5
18.5,57.5
19.5,57.5
20.5,57.5
15.5,57.5
15.5,58.5
15.5,59.5
15.5,60.5
15.5,61.5
15.5,62.5
15.5,63.5
15.5,64.5
15.5,65.5
15.5,66.5
15.5,67.5
15.5,68.5
15.5,69.5
15.5,74.5
15.5,73.5
15.5,72.5
15.5,71.5
15.5,70.5
16.5,58.5
16.5,59.5
16.5,60.5
16.5,61.5
16.5,62.5
16.5,63.5
16.5,64.5
16.5,65.5
16.5,66.5
16.5,67.5
16.5,68.5
16.5,69.5
16.5,70.5
16.5,74.5
16.5,73.5
16.5,72.5
16.5,71.5
18.5,58.5
19.5,58.5
20.5,58.5
17.5,58.5
17.5,59.5
17.5,60.5
17.5,61.5
17.5,62.5
17.5,63.5
17.5,64.5
17.5,65.5
17.5,66.5
17.5,67.5
17.5,68.5
17.5,69.5
17.5,70.5
17.5,74.5
17.5,73.5
17.5,72.5
17.5,71.5
18.5,59.5
18.5,60.5
18.5,61.5
18.5,62.5
18.5,63.5
18.5,64.5
18.5,65.5
18.5,66.5
18.5,67.5
18.5,68.5
18.5,69.5
18.5,70.5
18.5,71.5
18.5,74.5
18.5,73.5
18.5,72.5
20.5,59.5
19.5,59.5
19.5,60.5
19.5,61.5
19.5,62.5
19.5,63.5
19.5,64.5
19.5,65.5
19.5,66.5
19.5,67.5
19.5,68.5
19.5,69.5
19.5,70.5
19.5,71.5
19.5,74.5
19.5,73.5
19.5,72.5
20.5,60.5
20.5,61.5
20.5,62.5
20.5,63.5
20.5,64.5
20.5,65.5
20.5,66.5
20.5,67.5
20.5,68.5
20.5,69.5
20.5,70.5
20.5,71.5
20.5,72.5
20.5,74.5
20.5,73.5
0.5,88.5
0.5,89.5
0.5,90.5
0.5,91.5
0.5,92.5
0.5,87.5
0.5,86.5
0.5,85.5
0.5,84.5
0.5,83.5
0.5,82.5
0.5,81.5
0.5,80.5
0.5,79.5
0.5,78.5
0.5,77.5
0.5,76.5
0.5,75.5
1.5,75.5
1.5,88.5
1.5,89.5
1.5,90.5
1.5,91.5
1.5,92.5
1.5,87.5
1.5,86.5
1.5,85.5
1.5,84.5
1.5,83.5
1.5,82.5
1.5,81.5
1.5,80.5
1.5,79.5
1.5,78.5
1.5,77.5
1.5,76.5
2.5,89.5
2.5,90.5
2.5,91.5
2.5,92.5
2.5,88.5
2.5,87.5
2.5,86.5
2.5,85.5
2.5,84.5
2.5,83.5
2.5,82.5
2.5,81.5
2.5,80.5
2.5,79.5
2.5,78.5
2.5,77.5
2.5,76.5
3.5,76.5
3.5,89.5
3.5,90.5
3.5,91.5
3.5,92.5
3.5,88.5
3.5,87.5
3.5,86.5
3.5,85.5
3.5,84.5
3.5,83.5
3.5,82.5
3.5,81.5
3.5,80.5
3.5,79.5
3.5,78.5
3.5,77.5
4.5,90.5
4.5,91.5
4.5,92.5
4.5,89.5
4.5,88.5
4.5,87.5
4.5,86.5
4.5,85.5
4.5,84.5
4.5,83.5
4.5,82.5
4.5,81.5
4.5,80.5
4.5,79.5
4.5,78.5
4.5,77.5
5.5,77.5
5.5,90.5
5.5,91.5
5.5,92.5
5.5,89.5
5.5,88.5
5.5,87.5
5.5,86.5
5.5,85.5
5.5,84.5
5.5,83.5
5.5,82.5
5.5,81.5
5.5,80.5
5.5,79.5
5.5,78.5
6.5,91.5
6.5,92.5
6.5,90.5
6.5,89.5
6.5,88.5
6.5,87.5
6.5,86.5
6.5,85.5
6.5,84.5
6.5,83.5
6.5,82.5
6.5,81.5
6.5,80.5
6.5,79.5
6.5,78.5
7.5,78.5
7.5,91.5
7.5,92.5
7.5,90.5
7.5,89.5
7.5,88.5
7.5,87.5
7.5,86.5
7.5,85.5
7.5,84.5
7.5,83.5
7.5,82.5
7.5,81.5
7.5,80.5
7.5,79.5
8.5,92.5
8.5,91.5
8.5,90.5
8.5,89.5
8.5,88.5
8.5,87.5
8.5,86.5
8.5,85.5
8.5,84.5
8.5,83.5
8.5,82.5
8.5,81.5
8.5,80.5
8.5,79.5
9.5,79.5
9.5,92.5
9.5,91.5
9.5,90.5
9.5,89.5
9.5,88.5
9.5,87.5
9.5,86.5
9.5,85.5
9.5,84.5
9.5,83.5
9.5,82.5
9.5,81.5
9.5,80.5
10.5,92.5
10.5,91.5
10.5,90.5
10.5,89.5
10.5,88.5
10.5,87.5
10.5,86.5
10.5,85.5
10.5,84.5
10.5,83.5
10.5,82.5
10.5,81.5
10.5,80.5
11.5,80.5
11.5,92.5
11.5,91.5
11.5,90.5
11.5,89.5
11.5,88.5
11.5,87.5
11.5,86.5
11.5,85.5
11.5,84.5
11.5,83.5
11.5,82.5
11.5,81.5
12.5,92.5
12.5,91.5
12.5,90.5
12.5,89.5
12.5,88.5
12.5,87.5
12.5,86.5
12.5,85.5
12.5,84.5
12.5,83.5
12.5,82.5
12.5,81.5
13.5,81.5
13.5,92.5
13.5,91.5
13.5,90.5
13.5,89.5
13.5,88.5
13.5,87.5
13.5,86.5
13.5,85.5
13.5,84.5
13.5,83.5
13.5,82.5
14.5,92.5
14.5,91.5
14.5,90.5
14.5,89.5
14.5,88.5
14.5,87.5
14.5,86.5
14.5,85.5
14.5,84.5
14.5,83.5
14.5,82.5
15.5,82.5
15.5,92.5
15.5,91.5
15.5,90.5
15.5,89.5
15.5,88.5
15.5,87.5
15.5,86.5
15.5,85.5
15.5,84.5
15.5,83.5
16.5,92.5
16.5,91.5
16.5,90.5
16.5,89.5
16.5,88.5
16.5,87.5
16.5,86.5
16.5,85.5
16.5,84.5
16.5,83.5
17.5,83.5
17.5,92.5
17.5,91.5
17.5,90.5
17.5,89.5
17.5,88.5
17.5,87.5
17.5,86.5
17.5,85.5
17.5,84.5
18.5,92.5
18.5,91.5
18.5,90.5
18.5,89.5
18.5,88.5
18.5,87.5
18.5,86.5
18.5,85.5
18.5,84.5
19.5,84.5
19.5,92.5
19.5,91.5
19.5,90.5
19.5,89.5
19.5,88.5
19.5,87.5
19.5,86.5
19.5,85.5
20.5,92.5
20.5,91.5
20.5,90.5
20.5,89.5
20.5,88.5
20.5,87.5
20.5,86.5
20.5,85.5
20.5,84.5
20.5,83.5
19.5,83.5
18.5,83.5
20.5,82.5
19.5,82.5
18.5,82.5
17.5,82.5
16.5,82.5
20.5,81.5
19.5,81.5
18.5,81.5
17.5,81.5
16.5,81.5
15.5,81.5
14.5,81.5
20.5,80.5
19.5,80.5
18.5,80.5
17.5,80.5
16.5,80.5
15.5,80.5
14.5,80.5
13.5,80.5
12.5,80.5
20.5,79.5
19.5,79.5
18.5,79.5
17.5,79.5
16.5,79.5
15.5,79.5
14.5,79.5
13.5,79.5
12.5,79.5
11.5,79.5
10.5,79.5
20.5,78.5
19.5,78.5
18.5,78.5
17.5,78.5
16.5,78.5
15.5,78.5
14.5,78.5
13.5,78.5
12.5,78.5
11.5,78.5
10.5,78.5
9.5,78.5
8.5,78.5
20.5,77.5
19.5,77.5
18.5,77.5
17.5,77.5
16.5,77.5
15.5,77.5
14.5,77.5
13.5,77.5
12.5,77.5
11.5,77.5
10.5,77.5
9.5,77.5
8.5,77.5
7.5,77.5
6.5,77.5
20.5,76.5
19.5,76.5
18.5,76.5
17.5,76.5
16.5,76.5
15.5,76.5
14.5,76.5
13.5,76.5
12.5,76.5
11.5,76.5
10.5,76.5
9.5,76.5
8.5,76.5
7.5,76.5
6.5,76.5
5.5,76.5
4.5,76.5
20.5,75.5
19.5,75.5
18.5,75.5
17.5,75.5
16.5,75.5
15.5,75.5
14.5,75.5
13.5,75.5
12.5,75.5
11.5,75.5
10.5,75.5
9.5,75.5
8.5,75.5
7.5,75.5
6.5,75.5
5.5,75.5
4.5,75.5
3.5,75.5
2.5,75.5
99.5,50.5
98.5,50.5
97.5,50.5
99.5,51.5
98.5,51.5
97.5,51.5
99.5,52.5
98.5,52.5
97.5,52.5
99.5,53.5
98.5,53.5
97.5,53.5
99.5,54.5
98.5,54.5
97.5,54.5
99.5,55.5
98.5,55.5
97.5,55.5
99.5,56.5
98.5,56.5
97.5,56.5
99.5,57.5
98.5,57.5
97.5,57.5
99.5,58.5
98.5,58.5
97.5,58.5
99.5,59.5
98.5,59.5
97.5,59.5
99.5,60.5
98.5,60.5
97.5,60.5
98.5,61.5
99.5,61.5
99.5,74.5
99.5,73.5
99.5,72.5
99.5,71.5
99.5,70.5
99.5,69.5
99.5,68.5
99.5,67.5
99.5,66.5
99.5,65.5
99.5,64.5
99.5,63.5
99.5,62.5
98.5,74.5
98.5,73.5
98.5,72.5
98.5,71.5
98.5,70.5
98.5,69.5
98.5,68.5
98.5,67.5
98.5,66.5
98.5,65.5
98.5,64.5
98.5,63.5
98.5,62.5
97.5,74.5
97.5,73.5
97.5,72.5
97.5,71.5
97.5,70.5
97.5,69.5
97.5,68.5
97.5,67.5
97.5,66.5
97.5,65.5
97.5,64.5
97.5,63.5
97.5,62.5
97.5,61.5
99.5,87.5
99.5,88.5
99.5,89.5
99.5,90.5
99.5,91.5
99.5,92.5
98.5,87.5
98.5,88.5
98.5,89.5
98.5,90.5
98.5,91.5
98.5,92.5
99.5,86.5
98.5,86.5
97.5,86.5
97.5,87.5
97.5,88.5
97.5,89.5
97.5,90.5
97.5,91.5
97.5,92.5
97.5,85.5
98.5,85.5
99.5,85.5
97.5,84.5
98.5,84.5
99.5,84.5
97.5,83.5
98.5,83.5
99.5,83.5
97.5,82.5
98.5,82.5
99.5,82.5
97.5,81.5
98.5,81.5
99.5,81.5
97.5,80.5
98.5,80.5
99.5,80.5
97.5,79.5
98.5,79.5
99.5,79.5
97.5,78.5
98.5,78.5
99.5,78.5
97.5,77.5
98.5,77.5
99.5,77.5
97.5,76.5
98.5,76.5
99.5,76.5
97.5,75.5
98.5,75.5
99.5,75.5
