x coord,y coord
2.5,2
2.5,3
2.5,4
2.5,5
2.5,6
2.5,7
2.5,8
2.5,9
2.5,10
2.5,11
2.5,12
2.5,13
2.5,24
2.5,23
2.5,22
2.5,21
2.5,20
2.5,19
2.5,18
2.5,17
2.5,16
2.5,15
2.5,14
3.5,2
3.5,3
3.5,4
3.5,5
3.5,6
3.5,7
3.5,8
3.5,9
3.5,10
3.5,11
3.5,12
3.5,13
3.5,14
3.5,24
3.5,23
3.5,22
3.5,21
3.5,20
3.5,19
3.5,18
3.5,17
3.5,16
3.5,15
5.5,2
6.5,2
7.5,2
8.5,2
9.5,2
10.5,2
11.5,2
12.5,2
13.5,2
14.5,2
15.5,2
16.5,2
17.5,2
18.5,2
19.5,2
20.5,2
21.5,2
22.5,2
23.5,2
24.5,2
4.5,2
4.5,3
4.5,4
4.5,5
4.5,6
4.5,7
4.5,8
4.5,9
4.5,10
4.5,11
4.5,12
4.5,13
4.5,14
4.5,24
4.5,23
4.5,22
4.5,21
4.5,20
4.5,19
4.5,18
4.5,17
4.5,16
4.5,15
5.5,3
5.5,4
5.5,5
5.5,6
5.5,7
5.5,8
5.5,9
5.5,10
5.5,11
5.5,12
5.5,13
5.5,14
5.5,15
5.5,24
5.5,23
5.5,22
5.5,21
5.5,20
5.5,19
5.5,18
5.5,17
5.5,16
7.5,3
8.5,3
9.5,3
10.5,3
11.5,3
12.5,3
13.5,3
14.5,3
15.5,3
16.5,3
17.5,3
18.5,3
19.5,3
20.5,3
21.5,3
22.5,3
23.5,3
24.5,3
6.5,3
6.5,4
6.5,5
6.5,6
6.5,7
6.5,8
6.5,9
6.5,10
6.5,11
6.5,12
6.5,13
6.5,14
6.5,15
6.5,24
6.5,23
6.5,22
6.5,21
6.5,20
6.5,19
6.5,18
6.5,17
6.5,16
7.5,4
7.5,5
7.5,6
7.5,7
7.5,8
7.5,9
7.5,10
7.5,11
7.5,12
7.5,13
7.5,14
7.5,15
7.5,16
7.5,24
7.5,23
7.5,22
7.5,21
7.5,20
7.5,19
7.5,18
7.5,17
9.5,4
10.5,4
11.5,4
12.5,4
13.5,4
14.5,4
15.5,4
16.5,4
17.5,4
18.5,4
19.5,4
20.5,4
21.5,4
22.5,4
23.5,4
24.5,4
8.5,4
8.5,5
8.5,6
8.5,7
8.5,8
8.5,9
8.5,10
8.5,11
8.5,12
8.5,13
8.5,14
8.5,15
8.5,16
8.5,24
8.5,23
8.5,22
8.5,21
8.5,20
8.5,19
8.5,18
8.5,17
9.5,5
9.5,6
9.5,7
9.5,8
9.5,9
9.5,10
9.5,11
9.5,12
9.5,13
9.5,14
9.5,15
9.5,16
9.5,17
9.5,24
9.5,23
9.5,22
9.5,21
9.5,20
9.5,19
9.5,18
11.5,5
12.5,5
13.5,5
14.5,5
15.5,5
16.5,5
17.5,5
18.5,5
19.5,5
20.5,5
21.5,5
22.5,5
23.5,5
24.5,5
10.5,5
10.5,6
10.5,7
10.5,8
10.5,9
10.5,10
10.5,11
10.5,12
10.5,13
10.5,14
10.5,15
10.5,16
10.5,17
10.5,24
10.5,23
10.5,22
10.5,21
10.5,20
10.5,19
10.5,18
11.5,6
11.5,7
11.5,8
11.5,9
11.5,10
11.5,11
11.5,12
11.5,13
11.5,14
11.5,15
11.5,16
11.5,17
11.5,18
11.5,24
11.5,23
11.5,22
11.5,21
11.5,20
11.5,19
13.5,6
14.5,6
15.5,6
16.5,6
17.5,6
18.5,6
19.5,6
20.5,6
21.5,6
22.5,6
23.5,6
24.5,6
12.5,6
12.5,7
12.5,8
12.5,9
12.5,10
12.5,11
12.5,12
12.5,13
12.5,14
12.5,15
12.5,16
12.5,17
12.5,18
12.5,24
12.5,23
12.5,22
12.5,21
12.5,20
12.5,19
13.5,7
13.5,8
13.5,9
13.5,10
13.5,11
13.5,12
13.5,13
13.5,14
13.5,15
13.5,16
13.5,17
13.5,18
13.5,19
13.5,24
13.5,23
13.5,22
13.5,21
13.5,20
15.5,7
16.5,7
17.5,7
18.5,7
19.5,7
20.5,7
21.5,7
22.5,7
23.5,7
24.5,7
14.5,7
14.5,8
14.5,9
14.5,10
14.5,11
14.5,12
14.5,13
14.5,14
14.5,15
14.5,16
14.5,17
14.5,18
14.5,19
14.5,24
14.5,23
14.5,22
14.5,21
14.5,20
15.5,8
15.5,9
15.5,10
15.5,11
15.5,12
15.5,13
15.5,14
15.5,15
15.5,16
15.5,17
15.5,18
15.5,19
15.5,20
15.5,24
15.5,23
15.5,22
15.5,21
17.5,8
18.5,8
19.5,8
20.5,8
21.5,8
22.5,8
23.5,8
24.5,8
16.5,8
16.5,9
16.5,10
16.5,11
16.5,12
16.5,13
16.5,14
16.5,15
16.5,16
16.5,17
16.5,18
16.5,19
16.5,20
16.5,24
16.5,23
16.5,22
16.5,21
17.5,9
17.5,10
17.5,11
17.5,12
17.5,13
17.5,14
17.5,15
17.5,16
17.5,17
17.5,18
17.5,19
17.5,20
17.5,21
17.5,24
17.5,23
17.5,22
19.5,9
20.5,9
21.5,9
22.5,9
23.5,9
24.5,9
18.5,9
18.5,10
18.5,11
18.5,12
18.5,13
18.5,14
18.5,15
18.5,16
18.5,17
18.5,18
18.5,19
18.5,20
18.5,21
18.5,24
18.5,23
18.5,22
19.5,10
19.5,11
19.5,12
19.5,13
19.5,14
19.5,15
19.5,16
19.5,17
19.5,18
19.5,19
19.5,20
19.5,21
19.5,22
19.5,24
19.5,23
21.5,10
22.5,10
23.5,10
24.5,10
20.5,10
20.5,11
20.5,12
20.5,13
20.5,14
20.5,15
20.5,16
20.5,17
20.5,18
20.5,19
20.5,20
20.5,21
20.5,22
20.5,24
20.5,23
21.5,11
21.5,12
21.5,13
21.5,14
21.5,15
21.5,16
21.5,17
21.5,18
21.5,19
21.5,20
21.5,21
21.5,22
21.5,23
21.5,24
23.5,11
24.5,11
22.5,11
22.5,12
22.5,13
22.5,14
22.5,15
22.5,16
22.5,17
22.5,18
22.5,19
22.5,20
22.5,21
22.5,22
22.5,23
22.5,24
23.5,12
23.5,13
23.5,14
23.5,15
23.5,16
23.5,17
23.5,18
23.5,19
23.5,20
23.5,21
23.5,22
23.5,23
23.5,24
24.5,12
24.5,13
24.5,14
24.5,15
24.5,16
24.5,17
24.5,18
24.5,19
24.5,20
24.5,21
24.5,22
24.5,23
24.5,24
25.5,24
25.5,23
25.5,22
25.5,21
25.5,20
25.5,19
25.5,18
25.5,17
25.5,16
25.5,15
25.5,14
25.5,13
25.5,12
25.5,11
25.5,10
25.5,9
25.5,8
25.5,7
25.5,6
25.5,5
25.5,4
25.5,3
25.5,2
2.5,26
2.5,39
2.5,40
2.5,41
2.5,42
2.5,43
2.5,44
2.5,45
2.5,38
2.5,37
2.5,36
2.5,35
2.5,34
2.5,33
2.5,32
2.5,31
2.5,30
2.5,29
2.5,28
2.5,27
3.5,40
3.5,41
3.5,42
3.5,43
3.5,44
3.5,45
3.5,39
3.5,38
3.5,37
3.5,36
3.5,35
3.5,34
3.5,33
3.5,32
3.5,31
3.5,30
3.5,29
3.5,28
3.5,27
4.5,27
4.5,40
4.5,41
4.5,42
4.5,43
4.5,44
4.5,45
4.5,39
4.5,38
4.5,37
4.5,36
4.5,35
4.5,34
4.5,33
4.5,32
4.5,31
4.5,30
4.5,29
4.5,28
5.5,41
5.5,42
5.5,43
5.5,44
5.5,45
5.5,40
5.5,39
5.5,38
5.5,37
5.5,36
5.5,35
5.5,34
5.5,33
5.5,32
5.5,31
5.5,30
5.5,29
5.5,28
6.5,28
6.5,41
6.5,42
6.5,43
6.5,44
6.5,45
6.5,40
6.5,39
6.5,38
6.5,37
6.5,36
6.5,35
6.5,34
6.5,33
6.5,32
6.5,31
6.5,30
6.5,29
7.5,42
7.5,43
7.5,44
7.5,45
7.5,41
7.5,40
7.5,39
7.5,38
7.5,37
7.5,36
7.5,35
7.5,34
7.5,33
7.5,32
7.5,31
7.5,30
7.5,29
8.5,29
8.5,42
8.5,43
8.5,44
8.5,45
8.5,41
8.5,40
8.5,39
8.5,38
8.5,37
8.5,36
8.5,35
8.5,34
8.5,33
8.5,32
8.5,31
8.5,30
9.5,43
9.5,44
9.5,45
9.5,42
9.5,41
9.5,40
9.5,39
9.5,38
9.5,37
9.5,36
9.5,35
9.5,34
9.5,33
9.5,32
9.5,31
9.5,30
10.5,30
10.5,43
10.5,44
10.5,45
10.5,42
10.5,41
10.5,40
10.5,39
10.5,38
10.5,37
10.5,36
10.5,35
10.5,34
10.5,33
10.5,32
10.5,31
11.5,44
11.5,45
11.5,43
11.5,42
11.5,41
11.5,40
11.5,39
11.5,38
11.5,37
11.5,36
11.5,35
11.5,34
11.5,33
11.5,32
11.5,31
12.5,31
12.5,44
12.5,45
12.5,43
12.5,42
12.5,41
12.5,40
12.5,39
12.5,38
12.5,37
12.5,36
12.5,35
12.5,34
12.5,33
12.5,32
13.5,45
13.5,44
13.5,43
13.5,42
13.5,41
13.5,40
13.5,39
13.5,38
13.5,37
13.5,36
13.5,35
13.5,34
13.5,33
13.5,32
14.5,32
14.5,45
14.5,44
14.5,43
14.5,42
14.5,41
14.5,40
14.5,39
14.5,38
14.5,37
14.5,36
14.5,35
14.5,34
14.5,33
15.5,45
15.5,44
15.5,43
15.5,42
15.5,41
15.5,40
15.5,39
15.5,38
15.5,37
15.5,36
15.5,35
15.5,34
15.5,33
16.5,33
16.5,45
16.5,44
16.5,43
16.5,42
16.5,41
16.5,40
16.5,39
16.5,38
16.5,37
16.5,36
16.5,35
16.5,34
17.5,45
17.5,44
17.5,43
17.5,42
17.5,41
17.5,40
17.5,39
17.5,38
17.5,37
17.5,36
17.5,35
17.5,34
18.5,34
18.5,45
18.5,44
18.5,43
18.5,42
18.5,41
18.5,40
18.5,39
18.5,38
18.5,37
18.5,36
18.5,35
19.5,45
19.5,44
19.5,43
19.5,42
19.5,41
19.5,40
19.5,39
19.5,38
19.5,37
19.5,36
19.5,35
20.5,35
20.5,45
20.5,44
20.5,43
20.5,42
20.5,41
20.5,40
20.5,39
20.5,38
20.5,37
20.5,36
21.5,45
21.5,44
21.5,43
21.5,42
21.5,41
21.5,40
21.5,39
21.5,38
21.5,37
21.5,36
22.5,36
22.5,45
22.5,44
22.5,43
22.5,42
22.5,41
22.5,40
22.5,39
22.5,38
22.5,37
23.5,45
23.5,44
23.5,43
23.5,42
23.5,41
23.5,40
23.5,39
23.5,38
23.5,37
24.5,37
24.5,45
24.5,44
24.5,43
24.5,42
24.5,41
24.5,40
24.5,39
24.5,38
24.5,36
23.5,36
24.5,35
23.5,35
22.5,35
21.5,35
24.5,34
23.5,34
22.5,34
21.5,34
20.5,34
19.5,34
24.5,33
23.5,33
22.5,33
21.5,33
20.5,33
19.5,33
18.5,33
17.5,33
24.5,32
23.5,32
22.5,32
21.5,32
20.5,32
19.5,32
18.5,32
17.5,32
16.5,32
15.5,32
24.5,31
23.5,31
22.5,31
21.5,31
20.5,31
19.5,31
18.5,31
17.5,31
16.5,31
15.5,31
14.5,31
13.5,31
24.5,30
23.5,30
22.5,30
21.5,30
20.5,30
19.5,30
18.5,30
17.5,30
16.5,30
15.5,30
14.5,30
13.5,30
12.5,30
11.5,30
24.5,29
23.5,29
22.5,29
21.5,29
20.5,29
19.5,29
18.5,29
17.5,29
16.5,29
15.5,29
14.5,29
13.5,29
12.5,29
11.5,29
10.5,29
9.5,29
24.5,28
23.5,28
22.5,28
21.5,28
20.5,28
19.5,28
18.5,28
17.5,28
16.5,28
15.5,28
14.5,28
13.5,28
12.5,28
11.5,28
10.5,28
9.5,28
8.5,28
7.5,28
24.5,27
23.5,27
22.5,27
21.5,27
20.5,27
19.5,27
18.5,27
17.5,27
16.5,27
15.5,27
14.5,27
13.5,27
12.5,27
11.5,27
10.5,27
9.5,27
8.5,27
7.5,27
6.5,27
5.5,27
24.5,26
23.5,26
22.5,26
21.5,26
20.5,26
19.5,26
18.5,26
17.5,26
16.5,26
15.5,26
14.5,26
13.5,26
12.5,26
11.5,26
10.5,26
9.5,26
8.5,26
7.5,26
6.5,26
5.5,26
4.5,26
3.5,26
24.5,25
23.5,25
22.5,25
21.5,25
20.5,25
19.5,25
18.5,25
17.5,25
16.5,25
15.5,25
14.5,25
13.5,25
12.5,25
11.5,25
10.5,25
9.5,25
8.5,25
7.5,25
6.5,25
5.5,25
4.5,25
3.5,25
2.5,25
25.5,26
25.5,27
25.5,28
25.5,29
25.5,30
25.5,31
25.5,32
25.5,33
25.5,34
25.5,35
25.5,36
25.5,37
25.5,38
25.5,39
25.5,40
25.5,41
25.5,42
25.5,43
25.5,44
25.5,45
25.5,25
