x coord,y coord
57.5,0.5
58.5,0.5
59.5,0.5
60.5,0.5
61.5,0.5
62.5,0.5
63.5,0.5
64.5,0.5
65.5,0.5
66.5,0.5
67.5,0.5
68.5,0.5
69.5,0.5
70.5,0.5
71.5,0.5
72.5,0.5
73.5,0.5
74.5,0.5
57.5,1.5
58.5,1.5
59.5,1.5
60.5,1.5
61.5,1.5
62.5,1.5
63.5,1.5
64.5,1.5
65.5,1.5
66.5,1.5
67.5,1.5
68.5,1.5
69.5,1.5
70.5,1.5
71.5,1.5
72.5,1.5
73.5,1.5
74.5,1.5
57.5,2.5
58.5,2.5
59.5,2.5
60.5,2.5
61.5,2.5
62.5,2.5
63.5,2.5
64.5,2.5
65.5,2.5
66.5,2.5
67.5,2.5
68.5,2.5
69.5,2.5
70.5,2.5
71.5,2.5
72.5,2.5
73.5,2.5
74.5,2.5
58.5,3.5
59.5,3.5
60.5,3.5
61.5,3.5
62.5,3.5
63.5,3.5
64.5,3.5
65.5,3.5
66.5,3.5
67.5,3.5
68.5,3.5
69.5,3.5
70.5,3.5
71.5,3.5
72.5,3.5
73.5,3.5
74.5,3.5
57.5,3.5
57.5,4.5
57.5,5.5
57.5,6.5
57.5,7.5
57.5,8.5
57.5,9.5
57.5,10.5
57.5,11.5
57.5,12.5
57.5,13.5
57.5,14.5
57.5,15.5
57.5,22.5
57.5,21.5
57.5,20.5
57.5,19.5
57.5,18.5
57.5,17.5
57.5,16.5
58.5,4.5
58.5,5.5
58.5,6.5
58.5,7.5
58.5,8.5
58.5,9.5
58.5,10.5
58.5,11.5
58.5,12.5
58.5,13.5
58.5,14.5
58.5,15.5
58.5,16.5
58.5,22.5
58.5,21.5
58.5,20.5
58.5,19.5
58.5,18.5
58.5,17.5
60.5,4.5
61.5,4.5
62.5,4.5
63.5,4.5
64.5,4.5
65.5,4.5
66.5,4.5
67.5,4.5
68.5,4.5
69.5,4.5
70.5,4.5
71.5,4.5
72.5,4.5
73.5,4.5
74.5,4.5
59.5,4.5
59.5,5.5
59.5,6.5
59.5,7.5
59.5,8.5
59.5,9.5
59.5,10.5
59.5,11.5
59.5,12.5
59.5,13.5
59.5,14.5
59.5,15.5
59.5,16.5
59.5,22.5
59.5,21.5
59.5,20.5
59.5,19.5
59.5,18.5
59.5,17.5
60.5,5.5
60.5,6.5
60.5,7.5
60.5,8.5
60.5,9.5
60.5,10.5
60.5,11.5
60.5,12.5
60.5,13.5
60.5,14.5
60.5,15.5
60.5,16.5
60.5,17.5
60.5,22.5
60.5,21.5
60.5,20.5
60.5,19.5
60.5,18.5
62.5,5.5
63.5,5.5
64.5,5.5
65.5,5.5
66.5,5.5
67.5,5.5
68.5,5.5
69.5,5.5
70.5,5.5
71.5,5.5
72.5,5.5
73.5,5.5
74.5,5.5
61.5,5.5
61.5,6.5
61.5,7.5
61.5,8.5
61.5,9.5
61.5,10.5
61.5,11.5
61.5,12.5
61.5,13.5
61.5,14.5
61.5,15.5
61.5,16.5
61.5,17.5
61.5,22.5
61.5,21.5
61.5,20.5
61.5,19.5
61.5,18.5
62.5,6.5
62.5,7.5
62.5,8.5
62.5,9.5
62.5,10.5
62.5,11.5
62.5,12.5
62.5,13.5
62.5,14.5
62.5,15.5
62.5,16.5
62.5,17.5
62.5,18.5
62.5,22.5
62.5,21.5
62.5,20.5
62.5,19.5
64.5,6.5
65.5,6.5
66.5,6.5
67.5,6.5
68.5,6.5
69.5,6.5
70.5,6.5
71.5,6.5
72.5,6.5
73.5,6.5
74.5,6.5
63.5,6.5
63.5,7.5
63.5,8.5
63.5,9.5
63.5,10.5
63.5,11.5
63.5,12.5
63.5,13.5
63.5,14.5
63.5,15.5
63.5,16.5
63.5,17.5
63.5,18.5
63.5,22.5
63.5,21.5
63.5,20.5
63.5,19.5
64.5,7.5
64.5,8.5
64.5,9.5
64.5,10.5
64.5,11.5
64.5,12.5
64.5,13.5
64.5,14.5
64.5,15.5
64.5,16.5
64.5,17.5
64.5,18.5
64.5,19.5
64.5,22.5
64.5,21.5
64.5,20.5
66.5,7.5
67.5,7.5
68.5,7.5
69.5,7.5
70.5,7.5
71.5,7.5
72.5,7.5
73.5,7.5
74.5,7.5
65.5,7.5
65.5,8.5
65.5,9.5
65.5,10.5
65.5,11.5
65.5,12.5
65.5,13.5
65.5,14.5
65.5,15.5
65.5,16.5
65.5,17.5
65.5,18.5
65.5,19.5
65.5,22.5
65.5,21.5
65.5,20.5
66.5,8.5
66.5,9.5
66.5,10.5
66.5,11.5
66.5,12.5
66.5,13.5
66.5,14.5
66.5,15.5
66.5,16.5
66.5,17.5
66.5,18.5
66.5,19.5
66.5,20.5
66.5,22.5
66.5,21.5
68.5,8.5
69.5,8.5
70.5,8.5
71.5,8.5
72.5,8.5
73.5,8.5
74.5,8.5
67.5,8.5
67.5,9.5
67.5,10.5
67.5,11.5
67.5,12.5
67.5,13.5
67.5,14.5
67.5,15.5
67.5,16.5
67.5,17.5
67.5,18.5
67.5,19.5
67.5,20.5
67.5,22.5
67.5,21.5
68.5,9.5
68.5,10.5
68.5,11.5
68.5,12.5
68.5,13.5
68.5,14.5
68.5,15.5
68.5,16.5
68.5,17.5
68.5,18.5
68.5,19.5
68.5,20.5
68.5,21.5
68.5,22.5
70.5,9.5
71.5,9.5
72.5,9.5
73.5,9.5
74.5,9.5
69.5,9.5
69.5,10.5
69.5,11.5
69.5,12.5
69.5,13.5
69.5,14.5
69.5,15.5
69.5,16.5
69.5,17.5
69.5,18.5
69.5,19.5
69.5,20.5
69.5,21.5
69.5,22.5
70.5,10.5
70.5,11.5
70.5,12.5
70.5,13.5
70.5,14.5
70.5,15.5
70.5,16.5
70.5,17.5
70.5,18.5
70.5,19.5
70.5,20.5
70.5,21.5
70.5,22.5
72.5,10.5
73.5,10.5
74.5,10.5
71.5,10.5
71.5,11.5
71.5,12.5
71.5,13.5
71.5,14.5
71.5,15.5
71.5,16.5
71.5,17.5
71.5,18.5
71.5,19.5
71.5,20.5
71.5,21.5
71.5,22.5
72.5,11.5
72.5,12.5
72.5,13.5
72.5,14.5
72.5,15.5
72.5,16.5
72.5,17.5
72.5,18.5
72.5,19.5
72.5,20.5
72.5,21.5
72.5,22.5
74.5,11.5
73.5,11.5
73.5,12.5
73.5,13.5
73.5,14.5
73.5,15.5
73.5,16.5
73.5,17.5
73.5,18.5
73.5,19.5
73.5,20.5
73.5,21.5
73.5,22.5
74.5,12.5
74.5,13.5
74.5,14.5
74.5,15.5
74.5,16.5
74.5,17.5
74.5,18.5
74.5,19.5
74.5,20.5
74.5,21.5
74.5,22.5
76.5,0.5
80.5,0.5
79.5,0.5
78.5,0.5
77.5,0.5
78.5,1.5
80.5,1.5
79.5,1.5
80.5,2.5
80.5,22.5
80.5,21.5
80.5,20.5
80.5,19.5
80.5,18.5
80.5,17.5
80.5,16.5
80.5,15.5
80.5,14.5
80.5,13.5
80.5,12.5
80.5,11.5
80.5,10.5
80.5,9.5
80.5,8.5
80.5,7.5
80.5,6.5
80.5,5.5
80.5,4.5
80.5,3.5
79.5,22.5
79.5,21.5
79.5,20.5
79.5,19.5
79.5,18.5
79.5,17.5
79.5,16.5
79.5,15.5
79.5,14.5
79.5,13.5
79.5,12.5
79.5,11.5
79.5,10.5
79.5,9.5
79.5,8.5
79.5,7.5
79.5,6.5
79.5,5.5
79.5,4.5
79.5,3.5
79.5,2.5
78.5,22.5
78.5,21.5
78.5,20.5
78.5,19.5
78.5,18.5
78.5,17.5
78.5,16.5
78.5,15.5
78.5,14.5
78.5,13.5
78.5,12.5
78.5,11.5
78.5,10.5
78.5,9.5
78.5,8.5
78.5,7.5
78.5,6.5
78.5,5.5
78.5,4.5
78.5,3.5
78.5,2.5
77.5,22.5
77.5,21.5
77.5,20.5
77.5,19.5
77.5,18.5
77.5,17.5
77.5,16.5
77.5,15.5
77.5,14.5
77.5,13.5
77.5,12.5
77.5,11.5
77.5,10.5
77.5,9.5
77.5,8.5
77.5,7.5
77.5,6.5
77.5,5.5
77.5,4.5
77.5,3.5
77.5,2.5
77.5,1.5
76.5,22.5
76.5,21.5
76.5,20.5
76.5,19.5
76.5,18.5
76.5,17.5
76.5,16.5
76.5,15.5
76.5,14.5
76.5,13.5
76.5,12.5
76.5,11.5
76.5,10.5
76.5,9.5
76.5,8.5
76.5,7.5
76.5,6.5
76.5,5.5
76.5,4.5
76.5,3.5
76.5,2.5
76.5,1.5
75.5,22.5
75.5,21.5
75.5,20.5
75.5,19.5
75.5,18.5
75.5,17.5
75.5,16.5
75.5,15.5
75.5,14.5
75.5,13.5
75.5,12.5
75.5,11.5
75.5,10.5
75.5,9.5
75.5,8.5
75.5,7.5
75.5,6.5
75.5,5.5
75.5,4.5
75.5,3.5
75.5,2.5
75.5,1.5
75.5,0.5
57.5,91.5
57.5,92.5
57.5,93.5
57.5,94.5
57.5,95.5
57.5,96.5
57.5,97.5
57.5,98.5
57.5,99.5
57.5,90.5
57.5,89.5
57.5,88.5
57.5,87.5
57.5,86.5
57.5,85.5
57.5,84.5
57.5,83.5
57.5,82.5
57.5,81.5
57.5,80.5
57.5,79.5
58.5,92.5
58.5,93.5
58.5,94.5
58.5,95.5
58.5,96.5
58.5,97.5
58.5,98.5
58.5,99.5
58.5,91.5
58.5,90.5
58.5,89.5
58.5,88.5
58.5,87.5
58.5,86.5
58.5,85.5
58.5,84.5
58.5,83.5
58.5,82.5
58.5,81.5
58.5,80.5
58.5,79.5
59.5,79.5
59.5,92.5
59.5,93.5
59.5,94.5
59.5,95.5
59.5,96.5
59.5,97.5
59.5,98.5
59.5,99.5
59.5,91.5
59.5,90.5
59.5,89.5
59.5,88.5
59.5,87.5
59.5,86.5
59.5,85.5
59.5,84.5
59.5,83.5
59.5,82.5
59.5,81.5
59.5,80.5
60.5,93.5
60.5,94.5
60.5,95.5
60.5,96.5
60.5,97.5
60.5,98.5
60.5,99.5
60.5,92.5
60.5,91.5
60.5,90.5
60.5,89.5
60.5,88.5
60.5,87.5
60.5,86.5
60.5,85.5
60.5,84.5
60.5,83.5
60.5,82.5
60.5,81.5
60.5,80.5
61.5,80.5
61.5,93.5
61.5,94.5
61.5,95.5
61.5,96.5
61.5,97.5
61.5,98.5
61.5,99.5
61.5,92.5
61.5,91.5
61.5,90.5
61.5,89.5
61.5,88.5
61.5,87.5
61.5,86.5
61.5,85.5
61.5,84.5
61.5,83.5
61.5,82.5
61.5,81.5
62.5,94.5
62.5,95.5
62.5,96.5
62.5,97.5
62.5,98.5
62.5,99.5
62.5,93.5
62.5,92.5
62.5,91.5
62.5,90.5
62.5,89.5
62.5,88.5
62.5,87.5
62.5,86.5
62.5,85.5
62.5,84.5
62.5,83.5
62.5,82.5
62.5,81.5
63.5,81.5
63.5,94.5
63.5,95.5
63.5,96.5
63.5,97.5
63.5,98.5
63.5,99.5
63.5,93.5
63.5,92.5
63.5,91.5
63.5,90.5
63.5,89.5
63.5,88.5
63.5,87.5
63.5,86.5
63.5,85.5
63.5,84.5
63.5,83.5
63.5,82.5
64.5,95.5
64.5,96.5
64.5,97.5
64.5,98.5
64.5,99.5
64.5,94.5
64.5,93.5
64.5,92.5
64.5,91.5
64.5,90.5
64.5,89.5
64.5,88.5
64.5,87.5
64.5,86.5
64.5,85.5
64.5,84.5
64.5,83.5
64.5,82.5
65.5,82.5
65.5,95.5
65.5,96.5
65.5,97.5
65.5,98.5
65.5,99.5
65.5,94.5
65.5,93.5
65.5,92.5
65.5,91.5
65.5,90.5
65.5,89.5
65.5,88.5
65.5,87.5
65.5,86.5
65.5,85.5
65.5,84.5
65.5,83.5
66.5,96.5
66.5,97.5
66.5,98.5
66.5,99.5
66.5,95.5
66.5,94.5
66.5,93.5
66.5,92.5
66.5,91.5
66.5,90.5
66.5,89.5
66.5,88.5
66.5,87.5
66.5,86.5
66.5,85.5
66.5,84.5
66.5,83.5
67.5,83.5
67.5,96.5
67.5,97.5
67.5,98.5
67.5,99.5
67.5,95.5
67.5,94.5
67.5,93.5
67.5,92.5
67.5,91.5
67.5,90.5
67.5,89.5
67.5,88.5
67.5,87.5
67.5,86.5
67.5,85.5
67.5,84.5
68.5,97.5
68.5,98.5
68.5,99.5
68.5,96.5
68.5,95.5
68.5,94.5
68.5,93.5
68.5,92.5
68.5,91.5
68.5,90.5
68.5,89.5
68.5,88.5
68.5,87.5
68.5,86.5
68.5,85.5
68.5,84.5
69.5,84.5
69.5,97.5
69.5,98.5
69.5,99.5
69.5,96.5
69.5,95.5
69.5,94.5
69.5,93.5
69.5,92.5
69.5,91.5
69.5,90.5
69.5,89.5
69.5,88.5
69.5,87.5
69.5,86.5
69.5,85.5
70.5,98.5
70.5,99.5
70.5,97.5
70.5,96.5
70.5,95.5
70.5,94.5
70.5,93.5
70.5,92.5
70.5,91.5
70.5,90.5
70.5,89.5
70.5,88.5
70.5,87.5
70.5,86.5
70.5,85.5
71.5,85.5
71.5,98.5
71.5,99.5
71.5,97.5
71.5,96.5
71.5,95.5
71.5,94.5
71.5,93.5
71.5,92.5
71.5,91.5
71.5,90.5
71.5,89.5
71.5,88.5
71.5,87.5
71.5,86.5
72.5,99.5
72.5,98.5
72.5,97.5
72.5,96.5
72.5,95.5
72.5,94.5
72.5,93.5
72.5,92.5
72.5,91.5
72.5,90.5
72.5,89.5
72.5,88.5
72.5,87.5
72.5,86.5
73.5,86.5
73.5,99.5
73.5,98.5
73.5,97.5
73.5,96.5
73.5,95.5
73.5,94.5
73.5,93.5
73.5,92.5
73.5,91.5
73.5,90.5
73.5,89.5
73.5,88.5
73.5,87.5
74.5,99.5
74.5,98.5
74.5,97.5
74.5,96.5
74.5,95.5
74.5,94.5
74.5,93.5
74.5,92.5
74.5,91.5
74.5,90.5
74.5,89.5
74.5,88.5
74.5,87.5
74.5,86.5
74.5,85.5
73.5,85.5
72.5,85.5
74.5,84.5
73.5,84.5
72.5,84.5
71.5,84.5
70.5,84.5
74.5,83.5
73.5,83.5
72.5,83.5
71.5,83.5
70.5,83.5
69.5,83.5
68.5,83.5
74.5,82.5
73.5,82.5
72.5,82.5
71.5,82.5
70.5,82.5
69.5,82.5
68.5,82.5
67.5,82.5
66.5,82.5
74.5,81.5
73.5,81.5
72.5,81.5
71.5,81.5
70.5,81.5
69.5,81.5
68.5,81.5
67.5,81.5
66.5,81.5
65.5,81.5
64.5,81.5
74.5,80.5
73.5,80.5
72.5,80.5
71.5,80.5
70.5,80.5
69.5,80.5
68.5,80.5
67.5,80.5
66.5,80.5
65.5,80.5
64.5,80.5
63.5,80.5
62.5,80.5
74.5,79.5
73.5,79.5
72.5,79.5
71.5,79.5
70.5,79.5
69.5,79.5
68.5,79.5
67.5,79.5
66.5,79.5
65.5,79.5
64.5,79.5
63.5,79.5
62.5,79.5
61.5,79.5
60.5,79.5
80.5,79.5
80.5,80.5
80.5,81.5
80.5,82.5
80.5,83.5
80.5,84.5
80.5,85.5
80.5,86.5
80.5,87.5
80.5,88.5
80.5,89.5
80.5,90.5
80.5,91.5
80.5,92.5
80.5,93.5
80.5,94.5
80.5,95.5
80.5,96.5
80.5,97.5
80.5,98.5
80.5,99.5
79.5,79.5
79.5,80.5
79.5,81.5
79.5,82.5
79.5,83.5
79.5,84.5
79.5,85.5
79.5,86.5
79.5,87.5
79.5,88.5
79.5,90.5
79.5,91.5
79.5,92.5
79.5,93.5
79.5,94.5
79.5,95.5
79.5,96.5
79.5,97.5
79.5,98.5
79.5,99.5
79.5,89.5
78.5,79.5
78.5,80.5
78.5,81.5
78.5,82.5
78.5,83.5
78.5,84.5
78.5,85.5
78.5,86.5
78.5,87.5
78.5,88.5
78.5,89.5
78.5,90.5
78.5,91.5
78.5,92.5
78.5,93.5
78.5,94.5
78.5,95.5
78.5,96.5
78.5,97.5
78.5,98.5
78.5,99.5
77.5,79.5
77.5,80.5
77.5,81.5
77.5,82.5
77.5,83.5
77.5,84.5
77.5,85.5
77.5,86.5
77.5,87.5
77.5,89.5
77.5,90.5
77.5,91.5
77.5,92.5
77.5,93.5
77.5,94.5
77.5,95.5
77.5,96.5
77.5,97.5
77.5,98.5
77.5,99.5
77.5,88.5
76.5,79.5
76.5,80.5
76.5,81.5
76.5,82.5
76.5,83.5
76.5,84.5
76.5,85.5
76.5,86.5
76.5,87.5
76.5,88.5
76.5,89.5
76.5,90.5
76.5,91.5
76.5,92.5
76.5,93.5
76.5,94.5
76.5,95.5
76.5,96.5
76.5,97.5
76.5,98.5
76.5,99.5
75.5,79.5
75.5,80.5
75.5,81.5
75.5,82.5
75.5,83.5
75.5,84.5
75.5,85.5
75.5,86.5
75.5,88.5
75.5,89.5
75.5,90.5
75.5,91.5
75.5,92.5
75.5,93.5
75.5,94.5
75.5,95.5
75.5,96.5
75.5,97.5
75.5,98.5
75.5,99.5
75.5,87.5
